# center_u,center_v: -0.003029,-0.002027
# center_x,center_y,center_z: 51.988387,-11.273935,45.236370
# circle_radius: 22.901544
# ring_width: 2.290154
# n_rings: 10
idx1,res1,x1,y1,z1,idx2,res2,x2,y2,z2,ring_id,plane_u1,plane_v1,plane_u2,plane_v2,rep_x,rep_y,rep_z,scalar_prod,PC3,physical_distance,zernike_distance
6677,TYR_44_A_OH,52.307,-13.48,47.768,6851,TYR_44_C_HE1,52.066,-13.544,45.573,1,-2.2086709904104302,-0.10615182816210164,-2.2700059156351546,-0.13082493747189392,52.028704732414944,-13.553904137449976,45.23331903589542,-0.391688,1.772732043764944,2.209117923516081,2.8139159178528534
6670,TYR_44_A_OH,52.214,-12.825,48.055,2803,LEU_30_C_HD23,51.584,-12.755,42.038,1,-1.546480668711971,-0.17741106255910388,-1.4721952576767028,-0.19603638222199476,51.91967447283867,-12.792297163648744,45.24395762392111,-0.18186899999999995,1.6333210799077211,6.050296604299663,1.844463367665404
6941,TYR_44_A_HH,51.89,-12.32,45.371,2398,LEU_30_C_CD2,51.526,-12.235,41.137,1,-1.037688758740909,-0.19242349926638144,-0.9557648369332231,-0.12413118920686944,51.87940850178666,-12.317526710582051,45.24780108946358,0.137828,1.5975755891895278,4.250467856601202,1.744359320882703
6887,TYR_44_A_HH,51.796,-12.666,45.694,2800,LEU_30_C_HD23,51.447,-12.516,41.593,1,-1.3732819563239451,-0.34419017277784925,-1.2267255654444895,-0.2693730424800451,51.75907128645658,-12.650128060081627,45.26006116263163,-0.05390700000000001,1.7008056987770002,4.118555814845781,1.8406834444527163
6679,TYR_44_A_OH,51.732,-13.495,47.172,7215,ASN_45_C_HD22,51.798,-13.457,47.181,1,-2.184479354695891,-0.6182089918975198,-2.1515077435134997,-0.5507472526264225,43.68725919128462,-18.126820465623656,46.07498988972063,-0.9332739999999999,1.9907028862829537,0.07668767828015281,2.5122492647894386
6671,TYR_44_A_OH,51.558,-12.959,46.146,6874,TYR_44_C_HE2,51.158,-13.034,41.928,1,-1.64423135533228,-0.6476869023803715,-1.71901381527107,-0.6288435765377192,51.47669402176097,-12.974244870919822,45.288628459469436,-0.13794899999999993,1.8202723727946037,4.237587639211728,1.937875205407159
6672,TYR_44_A_OH,51.49,-13.147,46.593,7216,ASN_45_C_HD22,51.538,-13.209,47.077,1,-1.8233549574477066,-0.7740631239905019,-1.8853352234051644,-0.7794954309193121,51.3617882361191,-12.981393138320481,45.30019804753405,-0.800185,2.0114534051759003,0.4903101059533591,2.534532609526538
6653,TYR_44_A_OH,51.652,-12.563,47.686,2804,LEU_30_C_HD23,51.126,-12.573,41.445,1,-1.2454431463163416,-0.67823934354595,-1.2603837343872102,-0.5773761097981589,51.45015622734399,-12.566837334080915,45.291119800102365,-0.12493899999999997,1.6913147430521716,6.263134758250057,1.6752036142898723
6676,TYR_44_A_OH,51.415,-12.714,47.255,7242,ASN_45_C_HD22,51.587,-12.751,47.8,1,-1.3811993141434293,-0.8817636953532111,-1.4271775362582637,-0.768372990648349,50.81537486184626,-12.58501087144368,45.355024998291995,-0.9867410000000001,1.9732565247791294,0.5726936353758398,2.0575510864471314
6674,TYR_44_A_OH,51.277,-12.721,46.471,7230,ASN_45_C_HD22,51.587,-12.751,49.0,1,-1.3833727842149257,-0.9408842127828633,-1.4185855696126146,-0.888251426512685,51.13625330554278,-12.707379352149303,45.32277938618612,-0.959797,2.1131279284756843,2.5481053745871693,1.9776976262295969
2386,LEU_30_A_CD2,51.884,-12.095,50.186,6968,TYR_44_C_HH,51.468,-12.233,45.599,1,-0.7784085339406838,-0.6623236337722761,-0.9174434713688226,-0.6272694523529602,51.440156296898245,-12.242236613048181,45.29198301411593,0.09956700000000002,1.722648358044386,4.60789203432546,3.611934302715814
2380,LEU_30_A_CD2,51.995,-11.832,50.547,6977,TYR_44_C_HH,51.389,-11.644,45.318,1,-0.521962444307281,-0.5683169008468875,-0.32618699144468105,-0.6329024344254951,51.38657918843714,-11.643248989152115,45.297111512108565,0.026056000000000024,1.609420674682899,5.267354269460141,3.6964112154831215
2625,LEU_30_A_HD12,50.935,-12.501,46.73,6873,TYR_44_C_HE2,50.432,-12.474,41.974,1,-1.136329077879968,-1.2893716596929978,-1.105480310611881,-1.3112334285543645,50.7898485339539,-12.49320856941701,45.35755393138125,0.0750080000000001,1.7849332488278178,4.782601175092902,1.8079968290935695
2399,LEU_30_A_CD2,51.307,-12.305,49.362,2822,LEU_30_C_HD23,50.537,-12.18,42.128,1,-0.9501366950411779,-1.1683775127061575,-0.8191525914665617,-1.2001491452116857,50.87978382560632,-12.235646724936089,45.34838726550141,-0.36889999999999995,1.5553564614555029,7.275938496166665,2.4674878181375353
2628,LEU_30_A_HD12,50.556,-12.357,46.999,6653,TYR_44_C_CZ,50.275,-12.312,43.295,1,-0.9622011556285065,-1.6813299777285458,-0.9226342077358763,-1.5866731657455435,50.434184251401994,-12.337492139904235,45.39328636011739,-0.605521,1.602741303261486,3.714916149793963,2.144920304382742
2402,LEU_30_A_CD2,50.964,-12.181,48.939,7235,ASN_45_C_HD22,50.939,-12.382,48.608,1,-0.8036240718295441,-1.4570070928630081,-1.004527432802998,-1.4639876667479585,50.6942864927515,-14.349496598278066,45.367993164029635,-0.951897,1.8893186664497978,0.3880554084148321,2.824304430015558
2348,LEU_30_A_CD2,50.971,-12.204,49.811,6923,TYR_44_C_HH,50.575,-12.299,45.923,1,-0.8208428682049551,-1.5389184285162876,-0.9135069533788424,-1.550590123930087,50.520165033828356,-12.312154852995723,45.38462033213288,-0.5631790000000001,1.6120857771403454,3.909269113274242,3.4602245787150276
2350,LEU_30_A_CD2,51.375,-11.902,50.579,2805,LEU_30_C_HD23,50.591,-11.966,43.295,1,-0.5447181713503257,-1.1919264470511992,-0.6014906032231216,-1.2469269381229637,50.81272543271283,-11.947899964676504,45.35501027025534,-0.748766,1.4084238439950272,7.32635025097763,3.0640846212920354
2263,LEU_30_A_CD1,50.825,-12.04,48.068,6947,TYR_44_C_HH,50.479,-11.857,43.667,1,-0.6587712434707627,-1.497203741817375,-0.4816844124127972,-1.3869378703765758,50.61328644788816,-11.928024335154717,45.3750770438028,-0.467838,1.4094481905122744,4.418371419425937,3.201289339386584
2640,LEU_30_A_HD12,50.201,-12.217,47.536,5712,ILE_41_C_CG2,50.132,-12.306,46.91,1,-0.791954976142066,-2.076554050557621,-0.8799708759722761,-2.0892226027528977,49.969981329540076,-12.51498060392655,45.44009148249412,-0.5558839999999999,1.744459985023139,0.6360487402707485,2.1500559095285654
2298,LEU_30_A_CD1,50.226,-12.14,47.926,5702,ILE_41_C_CG2,50.2,-12.183,46.259,1,-0.714272015183057,-2.0848720491351243,-0.7671206863668046,-1.9473968511488593,50.186884908781934,-12.204690343168345,45.41812088228767,-0.22487799999999997,1.6603178585059832,1.6677571765697803,2.5032663110949116
2750,LEU_30_A_HD22,50.371,-12.083,50.17,6919,TYR_44_C_HH,50.006,-11.961,44.167,1,-0.6523175423359235,-2.1608667517088587,-0.5460906780847619,-1.9140395541160748,50.08270359593695,-11.986637914258377,45.42851146961502,-0.4346280000000001,1.2330191079973227,6.0153235989429525,4.0626878735632035
2630,LEU_30_A_HD12,51.262,-11.52,45.86,2811,LEU_30_C_HD23,50.875,-11.524,42.514,1,-0.18907422498324702,-0.8036400407694086,-0.18779926701690208,-0.8536261783048918,51.199072802401474,-11.520650410311097,45.315931774768345,0.05507500000000001,1.4888680180886515,3.368308329117151,1.6725380017458182
2351,LEU_30_A_CD2,51.375,-11.562,50.903,6948,TYR_44_C_HH,50.648,-11.42,43.667,1,-0.20337765449037534,-1.1985069571186924,-0.05870358141361481,-1.1861290362232375,50.81752369284119,-11.453111917996491,45.35430872269441,-0.575178,1.2169941156259885,7.273815298727343,3.677280825656103
2644,LEU_30_A_HD12,50.22,-11.482,45.883,6972,TYR_44_C_HH,50.283,-11.492,45.434,1,-0.07234206511619777,-1.8368268430361196,-0.09028494800814475,-1.7302282800210864,50.28668167206871,-11.49258439239186,45.40776078160553,-0.77003,1.5693707586933558,0.45350854457221085,1.8929395708809889
2621,LEU_30_A_HD12,51.402,-11.255,45.912,6959,TYR_44_C_HH,51.175,-11.313,44.942,1,0.06496400743833347,-0.6498419416268755,0.01732568643270077,-0.7825464554494733,51.261024637235,-11.291020136741716,45.309594264836825,-0.40355199999999997,1.6315035087504661,0.9978942829779113,1.5896002471879407
2378,LEU_30_A_CD2,52.374,-11.257,50.847,2416,LEU_30_C_CD2,51.149,-11.184,39.895,1,0.024912696265103812,-0.17866972345677012,0.11178089145847624,-0.2943686430239647,51.749132532056684,-11.2197629998695,45.26042978864064,-0.563479,1.32749985824421,11.020538008645493,1.5263775415852783
2634,LEU_30_A_HD12,50.538,-10.932,45.801,6932,TYR_44_C_HH,50.385,-11.081,44.224,1,0.45147582180692547,-1.4714327160230372,0.3031660868566313,-1.4769848357491928,50.49776428609349,-10.971183799817442,45.38628287038853,0.4513910000000001,1.0621242545973717,1.5913952997291454,2.196199250404621
6883,TYR_44_A_HH,51.547,-11.067,45.955,6958,TYR_44_C_HH,51.539,-11.074,44.791,1,0.24178205748760315,-0.49602416173999764,0.22707205774402825,-0.3882098037462541,51.54236891376346,-11.071052200456972,45.28117695258341,-0.721322,1.7043869469374289,1.1640485385068802,1.5509251122867067
2329,LEU_30_A_CD1,50.67,-10.552,45.791,2566,LEU_30_C_HB3,50.41,-10.41,43.889,1,0.8203429429004213,-1.3106557594031443,0.9679471485677605,-1.3678254541375883,50.613062197259126,-10.52090320004152,45.374478073795586,0.11078499999999997,1.028337098902288,1.9249332455957997,2.438620305586759
2373,LEU_30_A_CD2,50.842,-9.973,51.074,2510,LEU_30_C_HB2,50.169,-9.921,44.496,1,1.4225143823068578,-1.6238657047005425,1.4780816398244232,-1.6304734547447801,50.262461649649815,-9.928221405322123,45.409507773248855,0.895284,1.3879696339292698,6.6125424006202,3.301131267480881
2266,LEU_30_A_CD1,50.429,-9.945,45.698,2583,LEU_30_C_HB3,50.024,-9.911,42.477,1,1.4431255740024453,-1.494425181897297,1.4845451782321628,-1.5718744685124717,50.39109838611244,-9.941818136118082,45.39656518930411,0.071862,1.4338922691541753,3.246540004373891,2.4471117265376
2366,LEU_30_A_CD2,51.325,-10.053,51.214,2392,LEU_30_C_CD2,50.366,-10.036,41.726,1,1.3072779550155729,-1.1647332960060184,1.3287051336820026,-1.1670317645935233,50.73352312026464,-10.042515008388422,45.362141152315836,-0.15898800000000002,1.6528289380467824,9.53635748071558,2.463458161517563
2365,LEU_30_A_CD2,51.959,-10.419,51.214,6946,TYR_44_C_HH,51.212,-10.513,44.502,1,0.8944615478121821,-0.5634986772266857,0.8090773194290928,-0.6412087114121976,51.30138876415646,-10.50175161468446,45.30518257699882,0.884181,1.3846738661648879,6.754094239792628,3.566256463370331
2508,LEU_30_A_HB2,51.016,-9.446,45.56,2741,LEU_30_C_HD21,50.449,-9.523,40.459,1,1.8953783678866951,-0.8604290608874214,1.8248888640788847,-0.9192080485173664,50.99109599948442,-9.449382024761373,45.33595184015881,0.439986,1.8134234700507976,5.1329931813708845,2.3971245958265697
2474,LEU_30_A_HB2,51.82,-10.692,45.955,2382,LEU_30_C_CD2,51.026,-10.703,39.74,1,0.5950888771120936,-0.196738905683139,0.599572854675695,-0.3644324454661637,51.73146240627797,-10.693226591348791,45.26197588793146,0.795369,1.7857277413015282,6.2655232822167335,2.071770360195557
2713,LEU_30_A_HD21,51.846,-9.147,50.962,2740,LEU_30_C_HD21,50.619,-9.164,40.285,1,2.16952559125418,-0.5539593538083306,2.168773020404107,-0.7059405032355511,51.197057561927984,-9.155991052524223,45.31509012934399,0.19968200000000003,1.6055994026404659,10.747285564271573,1.6644897750634418
2517,LEU_30_A_HB2,51.431,-9.219,45.321,2544,LEU_30_C_HB2,51.312,-9.222,44.909,1,2.088678435272674,-0.407614196126634,2.0917223453304827,-0.48474370192998895,51.422739572847476,-9.219208246062665,45.292400874060164,-0.524521,1.697809866349581,0.42885195580759466,1.4520531613546717
2712,LEU_30_A_HD21,52.276,-9.086,50.962,2542,LEU_30_C_HB2,51.756,-9.16,45.118,1,2.1978824423098646,-0.12272869599471437,2.1215156705237233,-0.06042658863094116,51.76841964843084,-9.158232588492531,45.257577741211236,0.516223,1.6079066373785658,5.867555879580527,2.6748255157241454
6884,TYR_44_A_HH,52.038,-11.136,45.789,2424,LEU_30_C_CD2,51.513,-11.149,39.595,1,0.13471894945621682,0.0024483454547807038,0.11704801539192702,0.0993809138962094,51.991130885040754,-11.137160568560894,45.236033717985585,0.7101409999999999,1.769209484475509,6.216223129843396,2.5414300755435977
2692,LEU_30_A_HD21,52.592,-10.542,50.966,2381,LEU_30_C_CD2,51.353,-10.613,39.462,1,0.7222450516236256,0.07994859847749358,0.6626327902168024,-0.005417092683921432,51.975021087056014,-10.57735553092738,45.2374080593159,-0.7697229999999999,1.2772831378404066,11.570746648336915,1.0745855449448118
2515,LEU_30_A_HB2,52.285,-9.281,45.53,2543,LEU_30_C_HB2,52.166,-9.16,45.118,1,1.9638715875063253,0.4140605370415313,2.090558335938657,0.346335580603967,52.19394693190977,-9.188416628244392,45.21475744493132,-0.524521,2.1193783098191274,0.44558500872448487,1.6472243997732432
5821,ILE_41_A_HG22,52.442,-9.323,45.656,2759,LEU_30_C_HD21,51.845,-9.502,39.262,1,1.9110403241278133,0.5540480371252359,1.731851941322926,0.5869389783005744,52.39888172088949,-9.33592826124084,45.19419384148641,0.7712899999999999,1.8760537276057403,6.4243043203136,2.873058073884107
2685,LEU_30_A_HD21,53.203,-9.183,50.099,2526,LEU_30_C_HB2,52.663,-9.273,44.885,1,2.0249890004191737,0.8758064381581414,1.938689210375226,0.8541168194165384,52.691963867104896,-9.268172688815847,45.16466222793506,0.496362,1.7034146499793477,5.242661156321281,2.4220358375999003
2714,LEU_30_A_HD21,53.205,-9.849,50.643,2379,LEU_30_C_CD2,51.953,-10.048,39.215,1,1.3646513174794137,0.7729342216654544,1.178933470951812,0.6573709705666873,52.60580099700292,-9.944240097121739,45.173634020566595,-0.5,1.1468077651398285,11.498099364677623,1.2970039275717655
2691,LEU_30_A_HD21,52.925,-10.574,50.686,2380,LEU_30_C_CD2,51.678,-10.383,39.278,1,0.6631890340097634,0.43586350267790097,0.8661135275368658,0.352841616525232,52.32555689525939,-10.482184736964347,45.20208104339944,-0.669275,1.1855942548756297,11.477541287226982,1.0501633954765028
2720,LEU_30_A_HD21,53.348,-9.849,50.251,2378,LEU_30_C_CD2,52.138,-9.656,39.283,1,1.3510472941174498,0.9539652185207946,1.5563227040611767,0.8638473976809491,52.78585178495972,-9.759335036774566,45.15542841110592,-0.04287099999999998,1.2814075503051547,11.036230017537688,1.4066063680261096
2688,LEU_30_A_HD21,53.354,-9.905,49.728,2321,LEU_30_C_CD1,52.886,-9.62,44.741,1,1.2910108932883317,1.0079176380864738,1.5748198810754361,1.0634235980737803,52.92358570796601,-9.642888732415194,45.14151266159505,-0.004935,1.8767199255574245,5.017012856272148,2.290945013614828
2397,LEU_30_A_CD2,53.381,-9.964,49.362,2433,LEU_30_C_CD2,52.562,-9.945,39.228,1,1.2275216295261109,1.0667925927607387,1.235746908301531,1.2680747676779076,53.038985057151734,-9.95606558740645,45.130034882998515,0.153908,1.4378459293185342,10.167058473324525,2.5925272863017814
2553,LEU_30_A_HB3,53.586,-9.726,48.296,2320,LEU_30_C_CD1,53.328,-9.659,44.752,1,1.4417249119692968,1.3947163552354587,1.5026374570649865,1.4978762904421399,53.35320863638792,-9.665546428829419,45.09827677270845,0.16860400000000003,2.1506340170248626,3.5540102701033343,2.1999027470270667
2493,LEU_30_A_HB2,53.517,-9.733,45.943,2430,LEU_30_C_CD2,52.891,-9.688,39.368,1,1.4231075526150299,1.5607919894721078,1.468167684775867,1.5999824753921255,53.4357858312941,-9.727161920779926,45.08999175840046,0.927255,2.0737192897428214,6.604886524384802,3.6795949962644228
2535,LEU_30_A_HB3,53.413,-10.022,47.254,2319,LEU_30_C_CD1,53.088,-10.009,44.669,1,1.152179285377052,1.3047274342304023,1.1711726634496447,1.2415180988095516,53.14462984166153,-10.01126519366646,45.11942504829248,-0.273366,2.452976120561649,2.605382697417023,2.3703738401924257
2383,LEU_30_A_CD2,52.949,-10.878,50.547,6956,TYR_44_C_HH,52.34,-10.956,44.479,1,0.35725728326422923,0.45050357536767716,0.2820182058227729,0.44658246438975147,52.4117203932179,-10.946814136829234,45.19361304769491,0.597329,1.4939679124407417,6.09898262007689,2.4761331927422545
2753,LEU_30_A_HD23,53.307,-10.423,48.567,2520,LEU_30_C_HB2,52.781,-10.349,44.479,1,0.7697389470689086,1.0379844442067858,0.8539718309568706,0.9301366080385709,52.86701849488494,-10.361101461257576,45.147523967851015,-0.331648,2.0093230942170623,4.122365340432603,1.9677084268839258
2778,LEU_30_A_HD23,53.265,-10.504,48.255,2435,LEU_30_C_CD2,52.562,-10.677,39.228,1,0.6899095820844935,1.0213412234124453,0.5058553140261269,1.2125575891637244,53.0217912878747,-10.563850792599823,45.13203407630855,0.31672,1.6182464115484039,9.05598514795602,2.6648524001154206
5782,ILE_41_A_HG22,53.629,-10.078,45.777,2324,LEU_30_C_CD1,53.527,-9.923,44.803,1,1.0694560753015603,1.6623248091846474,1.2247373911415387,1.6701873354522765,53.55580053769283,-9.966765522964597,45.07801689914528,-0.7827339999999999,2.551983208731952,0.9915165152431937,2.341013745172233
6903,TYR_44_A_HH,53.665,-10.251,46.138,2432,LEU_30_C_CD2,52.774,-10.311,39.228,1,0.8968209183537578,1.6488562191652447,0.854793904012526,1.4506419830008221,53.52869058991624,-10.260179084854123,45.0808753942999,-0.48475500000000005,2.158282566454803,6.967465895144371,3.7516161234480325
2390,LEU_30_A_CD2,53.184,-10.881,50.186,2428,LEU_30_C_CD2,52.009,-11.061,39.368,1,0.3339373361895668,0.7194836455746204,0.16571840788227604,0.6208151288270546,52.63926360359737,-10.964448979874446,45.17071630954588,-0.451289,1.193516981243047,10.883113019720044,1.1922222424235775
6891,TYR_44_A_HH,53.567,-10.562,45.769,2775,LEU_30_C_HD22,52.987,-10.57,39.282,1,0.5914742310323766,1.564905542163344,0.5808438366097054,1.636921987546629,53.505693984536286,-10.56284560021329,45.083323927046386,0.776467,1.9745440199962394,6.512882080922394,3.7369978553109213
2401,LEU_30_A_CD2,53.381,-10.874,49.362,2674,LEU_30_C_HD12,53.112,-11.1,44.554,1,0.3201427350034079,0.9977753353182431,0.08067957622453326,1.1940720515652887,53.143666312620255,-11.073395588653618,45.11999119359912,-0.08468700000000001,1.9845614525085087,4.820819536136983,2.2256648310634093
2761,LEU_30_A_HD23,53.095,-10.951,47.471,2434,LEU_30_C_CD2,52.14,-10.677,39.228,1,0.25141964192782185,0.8971024331048831,0.5377187169405124,0.7938901857073062,52.82631260279504,-10.873910631587266,45.15184794224032,-0.24834,1.8749992195564542,8.302659212565569,2.552476175862927
6898,TYR_44_A_HH,53.38,-10.915,46.473,2776,LEU_30_C_HD22,52.799,-10.995,39.337,1,0.2586511747613818,1.2822809980679266,0.17165684824159877,1.4126788885793466,53.26880974396174,-10.930310190160172,45.107331037712484,-0.44860599999999995,1.9822129360986316,7.160059846118602,3.3727330801307507
6894,TYR_44_A_HH,53.662,-10.903,45.508,2309,LEU_30_C_CD1,53.806,-10.838,44.638,1,0.24241463181656883,1.6593663621281953,0.29012541422683935,1.8940708428909885,53.736107708521054,-10.869548603792579,45.06026592768527,-0.814872,2.4503510332484746,0.8842290427259261,1.935333434466519
6892,TYR_44_A_HH,52.844,-11.169,45.508,2676,LEU_30_C_HD12,52.643,-11.179,44.539,1,0.038944458891845994,0.8276519541095377,0.03721189369847168,0.7242826864592355,52.77129930193874,-11.172616950152301,45.15751753024198,-0.37205599999999994,2.3147813803925206,0.9896777253227449,1.65417989332621
2759,LEU_30_A_HD23,53.114,-11.179,47.869,2429,LEU_30_C_CD2,52.468,-11.127,39.368,1,0.025491419214376292,0.8589004701299527,0.06525139644131864,1.071184690556718,52.90691387559438,-11.162330528685615,45.143862006854185,0.118527,1.6609017186911874,8.52566836089699,2.4712400209845735
6905,TYR_44_A_HH,54.019,-11.126,45.877,2797,LEU_30_C_HD22,53.363,-11.102,39.36,1,-0.004256556378411789,1.9597714409594091,0.02254451204307082,1.961812010984569,53.9347858742612,-11.1229189953998,45.040378875854074,-0.8099409999999999,1.8086245437678203,6.549977175532755,3.682168202008808
2771,LEU_30_A_HD23,53.26,-11.26,48.291,2426,LEU_30_C_CD2,52.351,-11.496,39.595,1,-0.06327759666444854,0.9554469422022469,-0.2922262797879862,0.9044455341020934,52.93078437750594,-11.345472922891748,45.14154009548036,0.194615,1.5669487587842081,8.746564639902912,2.1756647134859626
2389,LEU_30_A_CD2,52.999,-11.308,50.186,2425,LEU_30_C_CD2,51.898,-11.405,39.595,1,-0.07786420706075109,0.5035595971930784,-0.16728431090392193,0.4619246679843595,52.479321767715454,-11.353784549075023,45.1869880489322,-0.25385,1.2696481569424727,10.64851590598427,1.0831306313358342
5714,ILE_41_A_CG2,54.049,-11.472,44.135,2679,LEU_30_C_HD12,54.05,-11.394,44.355,1,-0.36399780263379933,2.137316329453421,-0.28472278062664236,2.122246483987058,54.05306130692311,-11.15521805999656,45.028487523086625,-0.759935,2.193765613167508,0.2334202219174667,1.6993976168772336
6928,TYR_44_A_HH,53.093,-11.41,45.168,2675,LEU_30_C_HD12,52.885,-11.518,44.544,1,-0.22259668858999387,1.0903729242828388,-0.31904825061642,0.9381612586344115,53.07921039315924,-11.417159988167324,45.12663117947769,-0.7315980000000001,2.2481105126462095,0.666561325010689,1.6421363760333867
6907,TYR_44_A_HH,53.488,-11.496,46.742,2673,LEU_30_C_HD12,53.348,-11.506,44.436,1,-0.32690393264391915,1.3184904923214567,-0.3428152280156925,1.409204055922675,53.38804400259795,-11.503139714100147,45.095581928506284,0.244797,2.4796020306017796,2.310267516977198,2.181060802167364
5715,ILE_41_A_CG2,53.79,-11.796,44.385,2680,LEU_30_C_HD12,53.776,-11.824,44.036,1,-0.665718606044808,1.8308138393256375,-0.6950797072274114,1.8496654365764502,53.81677775746555,-11.742444485068873,45.052531239677236,-0.679038,2.1590111881406244,0.35040119862808344,1.8649324780701098
6920,TYR_44_A_HH,53.707,-11.838,44.461,2368,LEU_30_C_CD2,53.474,-11.776,41.607,1,-0.7007865014471747,1.7376915898068286,-0.641806816204538,1.7963447799860865,53.75579753614409,-11.850984752107012,45.05871745989368,-0.6705769999999999,1.6203167441595996,2.8641663708660494,3.390097393473583
6908,TYR_44_A_HH,53.804,-11.842,46.742,2669,LEU_30_C_HD12,53.543,-11.865,44.082,1,-0.695767135834143,1.605753267031721,-0.7180394280151209,1.6108005633254205,53.63997995522015,-11.856453873677918,45.07037808768425,-0.12327599999999994,2.246311121797393,2.672872986133083,2.1917381983758997
7169,ASN_45_A_HD22,53.795,-12.124,42.59,2683,LEU_30_C_HD12,53.997,-11.903,43.228,1,-1.0060035345167062,1.9902159639630204,-0.7963241766476498,2.143646705574212,54.55120406293363,-11.296667832136968,44.978406891839875,-0.9872070000000001,1.9461524244937225,0.7047616618403678,1.4579157622443717
7172,ASN_45_A_HD22,53.677,-12.151,42.159,2682,LEU_30_C_HD12,53.997,-11.903,43.644,1,-1.0271020415683518,1.914156400884854,-0.7933456282104915,2.1020888478079094,54.290245511224285,-11.675734728801185,45.00484245052518,-0.916931,1.8267572243481556,1.5391975181892668,1.631617068381363
7193,ASN_45_A_HD22,53.437,-12.152,41.735,2780,LEU_30_C_HD22,53.227,-11.967,40.637,1,-1.0130136228610773,1.7183329206533453,-0.8205519386812918,1.6337110715014325,54.06676916077018,-12.706796641630868,45.02779304059836,-0.9276249999999999,1.185204591164955,1.1331059085540052,2.5025975728274954
2769,LEU_30_A_HD23,53.561,-11.947,48.077,2367,LEU_30_C_CD2,52.949,-11.958,41.963,1,-0.7725582540247662,1.2233439844421725,-0.781093155596496,1.226123395333457,53.26383696788434,-11.952341165609923,45.10828304190337,-0.24484499999999992,1.5906345279186684,6.144563532098921,2.5264286310709023
6607,TYR_44_A_CE2,54.156,-12.334,47.751,2668,LEU_30_C_HD12,53.645,-12.019,43.676,1,-1.2057036030471293,1.8168608611370947,-0.8822043858332862,1.7408740814418315,53.81762583617317,-12.12541318668209,45.052615034061944,-0.7707900000000001,1.932812541906864,4.118976936084974,1.9181176198004586
6608,TYR_44_A_CE2,53.892,-12.229,48.099,2666,LEU_30_C_HD12,53.289,-12.035,42.982,1,-1.0785808647222528,1.528144491568134,-0.8762472940691926,1.455801671371172,53.53634245323227,-12.114576178983516,45.08092426731263,-0.476216,1.615869057445976,5.156057990364342,1.8908800079511174
7158,ASN_45_A_HD22,53.679,-12.427,43.345,2667,LEU_30_C_HD12,53.587,-12.03,43.235,1,-1.2939663532715313,1.7767280458229675,-0.8919509196246035,1.7265531666774983,55.00910976536526,-18.166712791847996,44.93534863250195,-0.924208,1.9015705118589892,0.42210543706519565,1.808399249209822
7194,ASN_45_A_HD22,52.985,-12.242,41.735,2671,LEU_30_C_HD12,53.253,-12.198,43.891,1,-1.0686258189113553,1.2630765490389488,-1.0295511796297947,1.3169156217117957,53.40258947789303,-12.17344053348025,45.09441385946781,-0.9106719999999999,1.5919552448210679,2.1730384257992297,2.033415968508171
7155,ASN_45_A_HD22,53.498,-12.568,43.743,2670,LEU_30_C_HD12,53.273,-12.273,43.507,1,-1.4180440263679657,1.5467038656736036,-1.1085946976618999,1.3694305427207332,54.66598893673126,-14.099363272603249,44.96809061808262,-0.969259,1.9531907294217452,0.4397112689026737,1.6812331468315198
2336,LEU_30_A_CD2,53.522,-12.3,48.86,6689,TYR_44_C_OH,52.766,-12.26,42.744,1,-1.1159905152198588,1.079658665384301,-1.062813813904324,0.9436430631529612,53.060793547789324,-12.275597542211077,45.12886420407344,-0.00614600000000004,1.470720845315315,6.162677340247499,1.930332404243068
6943,TYR_44_A_HH,52.424,-11.737,45.052,2418,LEU_30_C_CD2,51.892,-11.724,39.895,1,-0.49897206623579055,0.413443658438623,-0.4827644579929523,0.4018084802326233,52.43836821563501,-11.737351103013639,45.19127986471758,0.21751600000000004,1.7171546054704638,5.184384437905812,2.273674070963563
7199,ASN_45_A_HD22,52.789,-12.521,41.343,6695,TYR_44_C_OH,53.005,-12.581,43.753,1,-1.3348297983127313,1.0866244430636143,-1.3937106750857673,1.0556122119537794,53.12772357966602,-12.615089883240561,45.12227697682916,-0.867758,1.5598156644631826,2.420404098492643,2.037919904067042
7180,ASN_45_A_HD22,52.931,-12.929,40.886,6694,TYR_44_C_OH,52.952,-12.59,43.354,1,-1.755648537212641,1.242212751204089,-1.4015397791864157,1.0422077524732456,52.96718260611329,-12.344909358456825,45.1383177089338,-0.3982490000000001,1.6778623372561405,2.4912619292238185,1.9561186358027942
7191,ASN_45_A_HD22,52.601,-12.498,42.151,6696,TYR_44_C_OH,52.913,-12.442,44.119,1,-1.2919157179995162,0.8211353523323828,-1.24554396806155,0.9383180231167352,53.07291660187856,-12.413297020175643,45.12770471954173,-0.648498,1.5010782342786473,1.9933649941744196,2.2831020187711455
6850,TYR_44_A_HE2,53.358,-13.04,48.443,6697,TYR_44_C_OH,52.834,-13.003,43.583,1,-1.8444618413850835,0.902487630518635,-1.802800895006872,0.8709395976116756,53.001353734050866,-13.01481696213718,45.13517394558629,-0.564574,1.5810791715665213,4.888306966629652,2.5881191281697604
6885,TYR_44_A_HH,52.134,-11.478,45.528,2417,LEU_30_C_CD2,51.478,-11.513,39.895,1,-0.21541327511801148,0.09782542513138351,-0.2411128514618957,0.007080802140393749,52.09875460766951,-11.479880470627391,45.2253516844548,0.28507899999999997,1.8111818714976748,5.671177126487934,2.2009514275532807
6989,ASN_45_A_CG,52.62,-13.28,40.666,6716,TYR_44_C_OH,52.784,-13.331,43.574,1,-2.0837304624025332,0.929025535382036,-2.1261452999451147,0.7973569933557135,52.87278263987993,-13.35860923557242,45.14826778518802,-0.541133,1.683268164165336,2.9130672838092857,2.4928873176990742
2772,LEU_30_A_HD23,52.908,-12.369,48.931,2815,LEU_30_C_HD23,52.038,-12.346,41.602,1,-1.1379229178472694,0.4581815302652005,-1.1017746479807964,0.3289539884682539,52.46379950582463,-12.35725676854479,45.188993768033036,0.560007,1.4300438742155803,7.380492530990057,1.518838220982049
7196,ASN_45_A_HD22,52.345,-12.882,41.735,6699,TYR_44_C_OH,52.622,-12.682,44.425,1,-1.6584587598398302,0.5795911142618824,-1.4606895790154826,0.6008447384885174,52.698253540299284,-12.626943292202688,45.16551271987389,-0.795266,1.5944091042277015,2.7116100383351562,2.5629590804200073
6657,TYR_44_A_OH,53.028,-13.244,48.088,6713,TYR_44_C_OH,52.669,-13.337,44.355,1,-2.0254991639808577,0.5950857261341284,-2.1178529248164617,0.604789224550926,52.74650862212977,-13.316921164740759,45.16096012927693,0.011442999999999925,1.7375946834827467,3.7513756143580226,2.81392722796785
6929,TYR_44_A_HH,52.486,-12.794,44.714,6701,TYR_44_C_OH,52.396,-12.796,44.785,1,-1.5600289750521672,0.4285535956555146,-1.554719343884361,0.3320198452587966,51.79878849718,-12.809271366729329,45.25613351889134,-0.9575289999999999,2.017820152598258,0.11465164630304721,2.805851633653054
6836,TYR_44_A_HE1,52.535,-13.271,44.166,6719,TYR_44_C_OH,52.452,-13.323,42.856,1,-2.0432784987079193,0.4957339433024499,-2.098241312229117,0.5403128558064811,52.598977958321605,-13.230917423702131,45.17577259519644,-0.471426,1.9175663561021656,1.313656347756135,1.9701839141449613
7184,ASN_45_A_HD22,52.203,-13.313,41.855,6707,TYR_44_C_OH,52.432,-13.503,44.688,1,-2.0766363299295536,0.39403627236079564,-2.263095668843814,0.32380462147601075,52.47246842041095,-13.536576418681571,45.188642074341494,-0.809018,1.6608662312186895,2.8485838586918995,3.223692994354396
6930,TYR_44_A_HH,52.311,-13.024,44.911,6952,TYR_44_C_HH,52.319,-13.094,44.856,1,-1.7747424868500552,0.2178116311600331,-1.8455387073759404,0.22593386248155523,52.2676745030507,-12.64490190169377,45.20886279152632,-0.96321,1.9414340684022937,0.08938120607823577,2.9293581962982613
2767,LEU_30_A_HD23,52.526,-12.637,48.349,6964,TYR_44_C_HH,52.093,-12.729,45.257,1,-1.3804749165556784,0.1170133207421678,-1.461654594179619,-0.010658013224494972,52.088785852412975,-12.729895384706715,45.22690728790049,0.35825300000000004,1.9140341087001436,3.1235263725475395,3.014695930178533
6932,TYR_44_A_HH,52.12,-12.899,45.254,6966,TYR_44_C_HH,51.896,-12.907,45.568,1,-1.633225070770013,0.0035351260556177326,-1.6220405213315996,-0.25067084858409977,52.143180238950634,-12.898172134323195,45.22150627218527,-0.991025,2.0410287768713733,0.3857926904439722,2.823781437497096
7026,ASN_45_A_OD1,52.009,-15.119,42.527,6590,TYR_44_C_CE1,52.317,-15.07,45.359,2,-3.8579748376957217,-0.0025363158953113363,-3.8120946866466223,0.023834567679224292,52.300429559140916,-15.072636206500313,45.20663802430869,-0.755092,1.77268944915586,2.8491207415622113,2.466777497387474
6646,TYR_44_A_CZ,52.334,-14.781,46.685,7088,ASN_45_C_OD1,52.532,-14.81,47.861,2,-3.515716577317268,-0.06984668799689595,-3.5511630477033043,0.00690935844960322,52.088656852921254,-14.74506590270059,45.22781039916858,-0.8180670000000001,1.650787537783644,1.1929044387544148,1.8372245009175445
7078,ASN_45_A_OD1,51.489,-14.707,39.715,6855,TYR_44_C_HE1,52.186,-14.704,46.73,2,-3.4280324169022087,-0.20626729041939795,-3.427441321687867,-0.21533342962350058,52.03725696702297,-14.704640213915257,45.232966461500915,-0.552052,1.724525918940913,7.049542041863423,2.535458679180868
6661,TYR_44_A_OH,51.964,-13.604,45.7,6710,TYR_44_C_OH,51.694,-13.607,42.47,2,-2.321222198224583,-0.2492571512198403,-2.326953730029043,-0.19467966075577198,51.92585677724974,-13.604423813586115,45.24369403895064,0.13691599999999998,1.9740761246204963,3.241266573424658,2.2859183371666187
6680,TYR_44_A_OH,51.978,-13.893,47.172,6711,TYR_44_C_OH,51.501,-13.947,42.413,2,-2.599907381842576,-0.4043372600951567,-2.651809935347122,-0.4062479530640444,51.78614700205961,-13.914719207314011,45.25789430356743,-0.676211,1.774182274262937,4.783150217168598,1.957250219966485
7059,ASN_45_A_OD1,51.16,-14.294,41.475,7040,ASN_45_C_CG,52.126,-14.418,50.908,2,-2.9787790710994564,-0.6771676177541925,-3.107820392177153,-0.6705452168786908,51.54984800731531,-14.344042601353108,45.28186982712771,0.29851099999999997,1.7607789623365053,9.483144046148407,2.196999631229907
7060,ASN_45_A_OD1,50.914,-14.692,41.475,7037,ASN_45_C_CG,51.828,-14.633,51.135,2,-3.35705829674406,-0.9514104890337205,-3.298075109468721,-1.0051751459405507,51.27680854985599,-14.668580192077135,45.30949736499872,0.24099500000000004,1.863004369891517,9.703322987513088,2.128990130100104
2641,LEU_30_A_HD12,49.973,-12.219,46.803,6918,TYR_44_C_HH,49.625,-12.181,44.167,2,-0.7819821768396753,-2.2296794424726,-0.7366893347772273,-2.308716231459279,49.795373228713494,-12.199603973250326,45.457528249680394,-0.452102,1.3899927013401976,2.6591434711199726,2.107990156161149
2296,LEU_30_A_CD1,49.307,-12.082,47.926,5703,ILE_41_C_CG2,48.787,-12.082,44.26,2,-0.5870493417660236,-2.9922156678096896,-0.5740348389313236,-3.14188052917623,48.96865865163635,-12.082,45.54069349403628,-0.714288,1.1890125335474009,3.7026957747025384,3.0470679032149652
2646,LEU_30_A_HD13,49.541,-11.802,48.688,5713,ILE_41_C_CG2,49.407,-11.852,47.451,2,-0.3200682693607704,-2.8149503280510353,-0.36866337518279835,-2.8281095795567417,49.19755975557093,-11.93014934493622,45.517585206277964,-0.25013799999999997,1.6046950178348451,1.245240940541229,2.5462972912612205
2289,LEU_30_A_CD1,48.468,-11.629,47.473,6092,ARG_42_C_HE,48.839,-11.74,52.451,2,-0.07524832388380306,-3.744978908483627,-0.1782988775020326,-3.882623050457696,48.32877333893354,-11.587344583885773,45.60488593318363,-0.9098459999999999,1.6065890320692753,4.993039755499651,1.4846507592977751
2748,LEU_30_A_HD22,49.731,-11.443,50.17,5724,ILE_41_C_CG2,49.43,-11.626,47.262,2,0.03416268705324909,-2.7472729672261513,-0.14640419675980582,-2.7692698106663247,49.24889612207157,-11.736106344388377,45.51233197004698,-0.6410480000000001,1.713899474723675,2.929258267889673,3.059391695185635
2662,LEU_30_A_HD13,48.15,-11.222,48.703,5770,ILE_41_C_HG13,47.751,-11.169,44.134,2,0.3633969560293815,-4.1524748541155745,0.4136571571843946,-4.087867061004837,47.88334900551721,-11.186580193715319,45.6495453789678,-0.962952,1.2199882966289965,4.586694997490026,2.772981322150732
2287,LEU_30_A_CD1,48.029,-10.851,47.478,5778,ILE_41_C_HG13,47.81,-10.899,44.252,2,0.733693574525169,-4.122005590946957,0.6792695073159447,-4.020643391129794,47.90471839175496,-10.878239804546858,45.64725813607986,-0.572485,1.1163453173222109,3.2337812232740784,2.49471795584811
2655,LEU_30_A_HD13,48.676,-10.771,49.231,5699,ILE_41_C_CG2,48.409,-10.75,47.669,2,0.7771623948557571,-3.64917000969198,0.8070780515498771,-3.756427001162847,48.06071823066235,-10.722607051849845,45.63148642806964,0.357148,1.6457983692947131,1.584794623918196,1.5864218059542365
2305,LEU_30_A_CD1,47.979,-10.32,47.503,5779,ILE_41_C_HG13,47.661,-10.246,43.973,2,1.2671184002847453,-4.133835493585628,1.3396413642880707,-4.091069409257921,47.812636759796256,-10.281286541587805,45.656263402769724,-0.71,1.2550198247970759,3.545066995135636,2.9438436127203795
2722,LEU_30_A_HD22,49.454,-10.412,49.632,5835,ILE_41_C_HG23,49.206,-10.476,45.958,2,1.079256073179856,-2.8901456810386756,1.0078600889231375,-2.7740133381082197,49.176372235563264,-10.483645874693353,45.5190790058847,-0.23923900000000003,1.744720753882068,3.682916778858843,2.1042186991583467
2314,LEU_30_A_CD1,48.085,-9.859,47.08,4996,PHE_38_C_CE1,48.27,-9.875,49.369,2,1.7157582937137184,-3.951451755091918,1.7022250020509881,-3.997794334162277,47.96864707558517,-9.84893704437493,45.6403684108889,-0.8216370000000001,1.5746265464293994,2.2965195405221372,2.8819570566135746
2618,LEU_30_A_HD11,49.195,-10.05,45.618,5819,ILE_41_C_HG23,49.138,-9.934,44.528,2,1.4310292380050889,-2.718651734989818,1.5431945739262614,-2.6575142140531347,49.189746403660465,-10.039308470607264,45.517536491051025,0.9712409999999999,1.2787358617154587,1.097636096345236,2.4251819029463935
2617,LEU_30_A_HD11,48.99,-9.695,45.618,3513,ILE_32_C_HD11,48.794,-9.602,44.267,2,1.8004853861279078,-2.895108504890694,1.8983435085057838,-2.9475441127737483,48.978487694185226,-9.689537528363395,45.53864732063387,0.588682,1.4154096901927937,1.3683077139298745,2.277526927248074
2299,LEU_30_A_CD1,48.529,-9.052,47.926,3522,ILE_32_C_HD11,47.944,-9.099,43.054,2,2.492966671112802,-3.5342669721627313,2.4553894933631675,-3.631505318434318,48.25110032207511,-9.074326982670884,45.611594477179366,-0.783123,1.7351987193418184,4.907221005823968,3.0706811437951127
2271,LEU_30_A_CD1,48.845,-8.85,48.226,5264,PHE_38_C_HE1,48.724,-8.837,46.9,2,2.672673035626234,-3.235411765672967,2.6852776571061305,-3.2220045782891598,48.60318641698177,-8.824020028270766,45.57604288361847,-0.973398,2.0901291718609913,1.3315727543022204,2.0604065418434376
2358,LEU_30_A_CD2,50.252,-9.423,50.415,2577,LEU_30_C_HB3,49.538,-9.414,43.209,2,2.0107601355196727,-2.101659419203579,2.022050518385829,-2.089468259757651,49.76101428644712,-9.416811104451012,45.459757630445345,0.04259899999999997,1.1198126656566227,7.2412922189344044,3.27425057630714
2605,LEU_30_A_HD11,49.561,-9.025,45.731,2547,LEU_30_C_HB3,49.273,-9.039,42.762,2,2.42625088673842,-2.2890914253964674,2.412778893865951,-2.279279620605671,49.53686080786354,-9.026173432951074,45.48214839773212,0.154942,1.5355735234847834,2.982968487932785,3.1802837619325826
2598,LEU_30_A_HD11,50.325,-9.576,45.719,2584,LEU_30_C_HB3,49.924,-9.526,42.085,2,1.8190656817368103,-1.571715632434107,1.8731801092985145,-1.6027248557247251,50.29051951571394,-9.571700687744876,45.40652598529787,0.5,1.624194786979468,3.656399458483715,2.6191359500411284
2603,LEU_30_A_HD11,49.847,-8.738,45.796,2552,LEU_30_C_HB3,49.422,-8.793,41.836,2,2.69129500007345,-1.9900764438664023,2.6401898486024376,-2.020292690228466,49.8103484617012,-8.742743140250429,45.454493901968824,0.623718,1.7817327651241082,3.9831206358833784,3.132108609571697
2408,LEU_30_A_H,50.151,-8.372,45.751,2259,LEU_30_C_O,50.206,-8.212,44.917,2,3.0329648674525247,-1.656223146319486,3.1823797837474594,-1.506207074137716,50.17297362037368,-8.308076740731119,45.417800011060976,-0.683296,1.7907165147596231,0.850988249037549,2.960609510436523
2426,LEU_30_A_H,50.04,-7.72,45.404,2857,GLN_31_C_O,49.684,-7.645,41.333,2,3.6889835102742445,-1.6822319878539034,3.761499265355311,-1.6230447739187617,50.04233403986081,-7.7204917218807845,45.43069066368928,0.718807,1.620706863838862,4.087224241462663,2.2397261057162963
2697,LEU_30_A_HD21,51.517,-9.034,50.699,2506,LEU_30_C_HB2,50.903,-9.101,44.662,2,2.305158413993609,-0.8455175600291682,2.2414871404684655,-0.856661770318714,50.97172734741257,-9.093500436031524,45.337744293696524,0.42369500000000004,1.5418925866642943,6.068513327001926,2.646443144520526
2467,LEU_30_A_HA,51.066,-6.961,49.95,2824,GLN_31_C_N,50.114,-7.156,41.262,2,4.40087772697186,-1.0609089931521096,4.216114974709427,-1.1522604447098597,50.564993514100514,-7.06362212683865,45.3777895488501,-0.871706,1.6715928840777559,8.742177817912426,1.4919533436724666
2702,LEU_30_A_HD21,51.816,-8.155,50.027,2727,LEU_30_C_HD21,50.969,-8.308,40.907,2,3.154238895062254,-0.4150807631581453,3.0003339628268906,-0.3559197664845597,51.376674728759475,-8.234358638134355,45.29660274650102,-0.47996400000000006,1.7315291833501476,9.160524984955835,1.9599981516914606
2479,LEU_30_A_HB2,51.681,-7.962,45.481,2517,LEU_30_C_HB2,51.746,-7.984,44.963,2,3.3243270253364505,-0.08023744758839571,3.293773657002432,0.0343282135118637,51.70834256309745,-7.971254405971442,45.26310080485412,-0.944109,1.997847092019273,0.5225255974591114,1.938109962724486
2699,LEU_30_A_HD21,52.399,-8.679,50.327,2737,LEU_30_C_HD21,51.234,-8.731,40.118,2,2.5898763629587958,0.09360378508630773,2.5528941178148377,-0.04627408741850847,51.81988882537028,-8.7048487391251,45.25219658215032,0.30010400000000004,1.4681739749314566,10.275388557130086,1.9594646400351365
3069,GLN_31_A_H,52.808,-6.85,49.355,2468,LEU_30_C_H,52.586,-6.885,45.589,2,4.375766907109066,0.7351924876649494,4.330665527627666,0.8885096358862924,52.561696949497474,-6.888831562016158,45.176723927060806,0.8099409999999999,1.8425358910181642,3.7726999615659853,1.8032989075220094
2686,LEU_30_A_HD21,52.921,-8.874,50.053,2747,LEU_30_C_HD21,51.871,-8.844,39.79,2,2.3540622237087487,0.6240643042685579,2.3897739977165706,0.609891926817602,52.423622794468294,-8.85978922269909,45.19149308536009,0.682399,1.3702328286573136,10.316616160350252,1.9900387626623721
2487,LEU_30_A_HB2,52.852,-8.573,45.694,2523,LEU_30_C_HB2,52.739,-8.456,44.882,2,2.628194816719523,1.0138964109261304,2.7475760634480695,0.99178017766058,52.77709595958832,-8.495444489131266,45.15575149721872,-0.683171,2.3460452917137298,0.8281316320489199,2.6832601008300845
2525,LEU_30_A_HB3,53.348,-8.902,49.298,2421,LEU_30_C_CD2,52.351,-8.826,39.895,2,2.288496162708562,1.120992129960611,2.372231215582895,1.0769771090606939,52.90742390974908,-8.868415463531521,45.142797415617466,-0.339488,1.5456204058943115,9.456013642122137,2.491006931913348
2491,LEU_30_A_HB2,53.076,-9.126,45.943,2529,LEU_30_C_HB2,52.829,-8.875,44.87,2,2.061657199954077,1.1693114178399733,2.322901491965552,1.050489943000982,52.89215773168273,-8.939180528956937,45.144365368807954,-0.769327,2.5389549306779093,1.1293090808100326,2.6171478443792466
2815,GLN_31_A_O,54.56,-7.444,49.501,2606,LEU_30_C_HG,53.682,-7.455,40.884,2,3.652237206369841,2.413720649120788,3.645865409002967,2.4026471389089714,54.10360335147033,-7.449717953455379,45.02176318863308,-0.8191650000000001,1.518768102814286,8.661621903546699,2.0505991810661617
2863,GLN_31_A_O,54.824,-7.452,49.754,2449,LEU_30_C_H,54.213,-7.478,44.34,2,3.6261382187781286,2.6497546866455575,3.607582997090925,2.582459465700409,54.28784897692441,-7.474814937152147,45.00322808685558,0.22030399999999994,1.5705619887385462,5.448430324414541,2.019328437070719
5142,PHE_38_A_CZ,53.972,-7.54,40.368,2601,LEU_30_C_HG,54.09,-7.539,41.228,2,3.535519040587056,2.735458026446481,3.533764064442445,2.7666891270619334,54.60363850936091,-7.534647131276596,44.9714671021218,-0.984211,1.5601338702526975,0.8680581777738169,3.181443235567403
2844,GLN_31_A_O,54.416,-8.388,48.438,2623,LEU_30_C_HG,53.78,-8.507,40.322,2,2.7142180127588,2.3054542286950737,2.585472059746333,2.4762293025186355,54.14797515909743,-8.438149301992773,45.01773331955151,-0.15518999999999997,1.757214053514184,8.141751224398838,2.3528526295107732
2848,GLN_31_A_O,54.957,-7.929,49.41,2627,LEU_30_C_HD11,54.357,-7.923,44.34,2,3.1380068511469035,2.7798923397461257,3.1529919265208513,2.6915720790377415,54.43377368003579,-7.923767736800354,44.98873759630242,0.07106799999999996,1.553430707430461,5.105383041457314,2.064076100571356
2534,LEU_30_A_HB3,54.202,-8.857,47.618,2654,LEU_30_C_HD11,54.102,-8.875,44.842,2,2.256855931528763,2.1394907169035484,2.2265822641418938,2.3162340368362897,54.10848059418315,-8.873833493047032,45.02190129452423,0.11613299999999993,2.3695776779954407,2.7778588877047046,2.7081637287841986
2550,LEU_30_A_HB3,53.973,-9.28,47.586,2422,LEU_30_C_CD2,53.189,-9.473,39.595,2,1.8521359983659729,1.8834142738930368,1.661673029448372,1.8892583962186529,53.72524036640055,-9.340991848577413,45.06068465294234,0.126616,1.8691382293169831,8.031686373358959,3.2133925427449603
2842,GLN_31_A_O,55.168,-8.167,48.771,2616,LEU_30_C_HG,54.462,-8.055,41.242,2,2.880185447344965,3.035010641240979,2.991262439060119,3.0952177459128842,54.80979289076801,-8.110173943011354,44.95096979404015,-0.473364,1.6117247529904954,7.5628579915267515,2.303232175951841
3407,ILE_32_A_CD1,54.362,-8.928,45.516,2612,LEU_30_C_HG,53.859,-8.881,40.368,2,2.1589292627308216,2.5028293704027265,2.206913714180878,2.5216447533913096,54.31172583923904,-8.923302414402057,45.00146445408067,0.13362800000000008,1.7242980701026402,5.172728680300172,2.798150632560603
5338,PHE_38_A_HE1,54.359,-8.671,41.803,2659,LEU_30_C_HD11,54.812,-8.647,44.633,2,2.3888305567449137,2.890268609142916,2.3988200705958986,3.0587981251192944,54.862092714055066,-8.644346081374563,44.94594123791583,-0.7645559999999998,1.4504137337599532,2.8661271779179702,2.35864363514323
5026,PHE_38_A_CE1,54.515,-8.674,41.424,2597,LEU_30_C_HG,54.513,-8.68,41.089,2,2.3713466800052503,3.0826707305962184,2.3631163827190287,3.113697529397811,54.53622225895106,-8.610333223146919,44.97872837429672,-0.544215,1.406328837482995,0.33505969617368275,2.1370432447692878
5013,PHE_38_A_CE1,54.888,-8.569,40.258,2361,LEU_30_C_CD1,55.131,-8.496,42.528,2,2.43953209326418,3.577170504201222,2.5102270819948345,3.5970180052335015,55.38420029426134,-8.419935714069634,44.89328669947836,-0.858365,1.7557930508119095,2.2841361605648607,3.0949974135216483
2539,LEU_30_A_HB3,53.924,-9.895,46.138,2323,LEU_30_C_CD1,53.95,-9.923,44.851,2,1.2322395440738845,1.9328110156361187,1.1931421611988688,2.085051704325919,53.946208135625305,-9.918916453750324,45.03869728654756,0.655,2.617271606103632,1.28756708563088,2.668443126387125
5038,PHE_38_A_CE1,54.914,-9.007,41.409,2312,LEU_30_C_CD1,54.881,-8.858,41.627,2,2.009071660256871,3.4547624832741675,2.161695052085413,3.411545801183285,54.3712518654369,-6.556409937881877,44.99442707075008,-0.7458219999999999,1.5597496491222202,0.2661090002235951,2.1040540893699298
3415,ILE_32_A_CD1,54.831,-9.42,44.578,2300,LEU_30_C_CG,54.502,-9.341,41.014,2,1.6262181634244084,3.0245157603577075,1.704313849329537,3.060144484698751,54.86497061320896,-9.428157077335888,44.94599776740648,-0.447748,1.6358306734115908,3.5800248602488782,2.5909387167067184
5319,PHE_38_A_HE1,55.152,-9.281,42.388,2660,LEU_30_C_HD11,55.346,-9.23,44.314,2,1.7249001298259965,3.5723011177019917,1.7748952345147833,3.576232181529848,55.40418250844638,-9.21470459829502,44.891626346740956,-0.682068,1.6994894138039918,1.9364175686044593,1.9621959014159036
5800,ILE_41_A_HG22,54.846,-9.826,45.678,2763,LEU_30_C_HD22,54.355,-9.763,40.832,2,1.2281309637278088,2.898716422066655,1.2933255730833386,2.900481123158304,54.77279056313933,-9.816606528467979,44.95544820564812,-0.605928,1.929033838552137,4.871218122810758,2.7120652360011457
5805,ILE_41_A_HG22,54.831,-9.914,44.231,2642,LEU_30_C_HD11,54.794,-9.82,44.678,2,1.1311565388999079,3.021714096878742,1.2308800056026812,2.94748082916734,54.7710217611628,-9.761622852683889,44.95560196649256,-0.79426,2.0590599599790202,0.4582728444933176,2.489515623689806
4989,PHE_38_A_CE1,55.743,-9.566,41.954,2350,LEU_30_C_CD1,55.795,-9.468,42.951,2,1.3929897323416527,4.1803746425023,1.493919655638476,4.139797618056131,55.89364803948064,-9.282086387132638,44.842386449273015,-0.705622,1.759759230414017,1.0031535276317378,2.0947484506081793
5822,ILE_41_A_HG22,54.34,-10.417,44.717,2793,LEU_30_C_HD22,53.807,-10.33,39.569,2,0.6701583900511027,2.4478917306800967,0.7602927988968823,2.4399777537167724,54.36892453676616,-10.421721265851136,44.99636869657069,-0.17576000000000003,1.412502959317402,5.176249800772752,3.33324606246384
5922,ARG_42_A_CD,55.754,-10.071,39.168,2707,LEU_30_C_HD13,55.996,-10.227,42.565,2,0.8686660566672448,4.431304756746796,0.7191654366395718,4.320206244840668,56.156388369127086,-10.330390849519937,44.816402024482194,-0.931043,2.027894392377732,3.409180106711875,2.145537066051002
5913,ARG_42_A_CD,55.707,-10.261,38.441,2709,LEU_30_C_HD13,55.996,-10.227,42.149,2,0.677556788278563,4.442892078498157,0.7161868882024135,4.361764102606972,56.20352203752261,-10.2025856426444,44.81160109042848,-0.866558,1.8984294656405287,3.719400623756466,1.9890082184827194
5928,ARG_42_A_CD,55.581,-10.52,38.895,2691,LEU_30_C_HD13,55.763,-10.558,43.067,2,0.43206714006088803,4.252889737664873,0.41030596052711765,4.013793055347649,55.84070711796838,-10.5742245630923,44.84828624265991,-0.9489460000000001,1.8370466652871094,4.176140802223983,1.9123002410133652
5774,ILE_41_A_HG13,56.233,-10.683,46.207,2716,LEU_30_C_HD13,55.75,-10.678,41.757,2,0.2726606389794047,4.156919096005925,0.282253611245099,4.122661833953978,56.08288532742809,-10.681446017882278,44.82395591522776,-0.962952,2.207219520326757,4.476138290982532,3.001171434771361
5981,ARG_42_A_NH2,55.199,-10.802,35.351,2706,LEU_30_C_HD13,55.906,-10.679,42.565,2,0.15434762838178692,4.206559663372982,0.2752628608410453,4.196635888878236,56.12694997614098,-10.640560329469109,44.81950230251915,-0.9704699999999999,1.60655201434234,7.249605092692979,3.9281435899125903
5982,ARG_42_A_NH2,55.261,-10.869,34.837,2713,LEU_30_C_HD13,55.906,-10.679,42.149,2,0.07917903212493738,4.314336479829547,0.27228431240388695,4.238193746644539,56.141438254207706,-10.609646095659746,44.818030255452314,-0.850636,1.6151741019451138,7.3428515578077675,3.757565782164358
6068,ARG_42_A_HE,55.338,-10.95,38.218,2690,LEU_30_C_HD13,55.569,-10.963,42.992,2,0.016806266893426854,4.046827612026017,0.020583603223270703,3.7981010326225233,55.65971029293587,-10.96810490826046,44.866679387341215,-0.874357,1.7404970399319788,4.779603121599108,1.9408658292029737
6056,ARG_42_A_HE,55.26,-11.133,36.713,2712,LEU_30_C_HD13,55.65,-11.063,42.149,2,-0.17055294570293528,4.105911833270843,-0.09128018099926855,3.9550916508077343,55.843650532809235,-11.028242212059881,44.84819050346411,-0.8501640000000001,1.4880615612597698,5.4504216350664105,2.3879634479913854
6142,ARG_42_A_HH21,54.885,-11.322,35.097,2345,LEU_30_C_CD1,55.449,-11.012,43.374,2,-0.34226444204923834,3.8809752040104817,-0.01647946765256409,3.637171074461653,55.551454273885476,-10.955686480665786,44.877570966223544,-0.972813,1.481933226431943,8.30198319680304,4.260505873200402
6037,ARG_42_A_HD2,55.486,-11.468,38.964,2705,LEU_30_C_HD13,55.65,-11.063,42.565,2,-0.505535222683053,4.079847659918113,-0.08830163256211022,3.913533793041432,55.75438785273237,-10.805212924654816,44.857077181032096,-0.6982619999999999,1.6910154779806208,3.6274125764792724,1.6111945540884896
5710,ILE_41_A_CG2,54.363,-11.447,43.224,2316,LEU_30_C_CD1,54.275,-11.45,41.819,2,-0.3693013336550355,2.541740415977764,-0.37570795251390876,2.5945655042577123,54.473379275990744,-11.443237070136679,44.986305485988524,-0.467248,1.2790530567397922,1.4077563709676413,2.821514812669503
6015,ARG_42_A_HD2,55.592,-11.695,39.358,2715,LEU_30_C_HD13,55.462,-11.04,41.757,2,-0.7370639610085704,4.128434082975392,-0.056958067331702826,3.809480995940846,55.29149918214382,-10.180938186955384,44.903395861822936,-0.48768900000000004,1.2700480255773245,2.4902060155738126,2.851318440996105
6143,ARG_42_A_HH21,54.795,-11.774,35.097,2714,LEU_30_C_HD13,55.045,-11.24,41.757,2,-0.7861670178477653,3.757404848048055,-0.22489612575000015,3.3806054787340463,55.16360456634389,-10.986660646289453,44.91662564740121,-0.103105,0.9536011642422382,6.68604935668291,1.7639932278723247
6052,ARG_42_A_HE,55.499,-11.923,38.976,2689,LEU_30_C_HD13,55.312,-11.272,42.775,2,-0.9601203243013774,4.057037583911529,-0.26967512363089713,3.541373086589558,55.206797506231005,-10.90576030244058,44.91224210603416,-0.49655000000000005,1.3291811764202035,3.8589080061592553,2.7152709333190175
6007,ARG_42_A_HD2,55.601,-12.03,40.592,2711,LEU_30_C_HD13,55.266,-11.319,42.149,2,-1.0629431940990217,3.9886805651787225,-0.31754862852458954,3.554708311867472,54.65970230156245,-10.032201004211661,44.96692691482764,-0.8833840000000001,1.0735245474499184,1.74413158907234,2.6047684531593336
6912,TYR_44_A_HH,54.372,-11.79,46.18,2681,LEU_30_C_HD12,54.193,-11.624,44.036,2,-0.6908280519234665,2.229354597595399,-0.5271416488091153,2.278540953783243,54.27402468225777,-11.699140208127313,45.00648557966843,-0.03290299999999996,2.3470018618860795,2.157853794861921,2.4647670634906023
6132,ARG_42_A_HH21,55.161,-12.353,36.031,2344,LEU_30_C_CD1,55.131,-11.35,43.374,2,-1.384446973488673,3.9832959311359843,-0.32949510346261324,3.296047386255867,55.1246812848414,-11.138744289864187,44.92061084698632,-0.015067000000000011,1.091336658304809,7.411245374429324,1.8133893100862182
5833,ILE_41_A_HG23,55.417,-12.332,41.373,2355,LEU_30_C_CD1,55.029,-11.487,42.951,2,-1.3445883467127417,3.705208130146436,-0.4614275849165543,3.22671953382882,54.530073803965905,-10.40042104214224,44.9801379828397,-0.989555,1.3773727492484644,1.8315711834378725,2.225173280849573
6145,ARG_42_A_HH21,55.141,-12.61,35.097,2688,LEU_30_C_HD13,55.033,-11.434,42.453,2,-1.6458840273735111,4.037267569689205,-0.4124479316424722,3.284457182542161,54.996582144838996,-11.037450021580158,44.93346057929962,0.36818399999999996,0.9250018351310871,7.450193017633841,2.0705287186224224
6009,ARG_42_A_HD2,55.308,-12.594,40.139,2358,LEU_30_C_CD1,54.739,-11.599,42.528,2,-1.6064389838047617,3.7004730081559787,-0.554237004270063,2.972772423765946,54.14573063982293,-10.561560609180708,45.018897190620386,-0.650728,1.2463631522640473,2.649737156776117,2.0114540717404963
6578,TYR_44_A_CE2,56.166,-12.78,48.062,2343,LEU_30_C_CD1,54.739,-11.599,43.374,2,-1.7999586671349572,3.746093058150951,-0.5481796677848804,2.8882581264815888,55.20736006188424,-11.986619644768947,44.912662908278435,-0.19065800000000002,1.454264480591612,5.040677930596236,1.4447355637782906
7174,ASN_45_A_HD22,54.118,-12.335,41.734,2305,LEU_30_C_CD1,54.286,-11.785,43.306,2,-1.2469130590909898,2.380175566792027,-0.6999267240247908,2.431521821936566,54.465646191429315,-11.1968725875826,44.986975076945726,-0.6419659999999999,1.8536766903283042,1.6738900800231737,2.009908474085444
6580,TYR_44_A_CE2,56.005,-13.073,48.304,2354,LEU_30_C_CD1,54.624,-11.7,42.951,2,-2.0782255987527467,3.5399669744127116,-0.6432342673002075,2.8087632900229225,55.1320622153043,-12.205119059821001,44.92033891276171,-0.33652000000000004,1.364274595275166,5.696217955801903,1.618016100239903
7088,ASN_45_A_ND2,54.552,-12.93,40.474,2357,LEU_30_C_CD1,54.297,-11.743,42.528,2,-1.8819902955774692,2.8914938937997228,-0.6644487191342144,2.523341551106951,53.98577582697748,-10.294281986754013,45.03488020152255,-0.5855589999999999,1.3382891134489265,2.3859819781381435,1.7269386694761146
6852,TYR_44_A_HE2,54.4,-12.627,48.334,2304,LEU_30_C_CD1,53.986,-11.847,42.94,2,-1.51210879025763,1.978470976850017,-0.7417169848059982,2.1657516146545484,54.14561408121789,-12.147722182004731,45.019609550940416,-0.879318,1.4956564524736131,5.465805704559948,1.973265116238846
6587,TYR_44_A_CE2,55.898,-13.914,48.825,7119,ASN_45_C_OD1,53.73,-14.495,49.282,2,-2.9049937816495994,3.3179806675872126,-3.317351854486238,1.0773831162090055,92.08407191743561,-4.216533309949256,41.197216390097886,0.542979,1.427384098598772,2.290553208288343,1.5835798172287618
6853,TYR_44_A_HE2,55.785,-14.286,48.911,7069,ASN_45_C_OD1,53.995,-15.316,48.794,2,-3.2667743957291395,3.1690681093336748,-4.159490174260319,1.3267737178738332,31.39523807218767,-28.32033228248423,47.31680885723232,0.10016299999999995,1.4881169773233405,2.0684992144064256,1.8068135153194214
7095,ASN_45_A_ND2,53.366,-13.194,40.355,6717,TYR_44_C_OH,52.604,-13.563,43.191,2,-2.056532170433482,1.7067252674914084,-2.346628306479807,0.639444072322269,52.05595728472401,-13.828390763696646,45.23069703480672,-0.201626,1.5983209782829912,2.9596792055896923,2.618144535043477
6858,TYR_44_A_HE2,54.107,-13.331,49.035,6714,TYR_44_C_OH,52.728,-13.553,43.972,2,-2.186938725042629,1.564362284397867,-2.340427877614454,0.6852023753366325,53.043708945558414,-13.502175209634546,45.131125737028455,-0.39891600000000005,1.5791150556943192,5.252132328873668,2.6772691651083633
6872,TYR_44_A_HE2,54.937,-14.669,49.14,7072,ASN_45_C_OD1,53.889,-15.01,49.129,2,-3.583002764920035,2.2758401668650006,-3.843969362717027,1.2113527530926667,17.210705600786973,-26.94444502875162,48.744017902298225,-0.275978,1.3740930290123257,1.1021370150757066,2.1398711611340953
6973,ASN_45_A_CB,53.662,-15.003,38.904,7068,ASN_45_C_OD1,54.106,-15.42,49.182,2,-3.893060448297036,2.0081404799767926,-4.268793682179402,1.3902487535951424,53.92719762347915,-15.252070740970291,45.04296660837554,-0.04341299999999998,1.394882937289878,10.296033653791152,1.8218857007660516
6613,TYR_44_A_CE2,54.475,-15.303,48.675,8007,LEU_48_C_HD13,54.046,-15.425,48.604,2,-4.183622388489402,1.8158569924447083,-4.273387402788681,1.3880848133953472,40.62845820439999,-19.240711186627493,46.38338119466767,-0.6905020000000001,1.5403929075844394,0.4516259514244077,2.390092520280475
6993,ASN_45_A_CG,52.989,-15.183,39.036,7071,ASN_45_C_OD1,53.937,-15.213,49.565,2,-4.020781539405958,1.313616867566978,-4.046887180008115,1.2000217008518443,53.533416329186075,-15.200228364847666,45.08258178270063,-0.48852399999999996,1.547634469695414,10.571633979664634,1.9051020105938514
6605,TYR_44_A_CE2,53.13,-13.631,48.063,6715,TYR_44_C_OH,52.636,-13.763,43.574,2,-2.419265054173414,0.6694263892327317,-2.545726152199054,0.6177615347902585,52.809956445831745,-13.716517710830388,45.15474997032125,-0.546877,1.667076246362945,4.518028441698883,2.269493731646509
6649,TYR_44_A_CZ,53.385,-15.651,46.685,7070,ASN_45_C_OD1,53.822,-15.543,49.898,2,-4.462567169777068,0.9068698773963543,-4.364869243663826,1.0276353707279517,53.17203302533974,-15.70363257039659,45.11918103070165,-0.059791999999999984,1.4830227996272796,3.2443800640492184,2.2610545496630494
6538,TYR_44_A_CE1,53.047,-15.607,46.077,7109,ASN_45_C_OD1,53.478,-15.585,50.398,2,-4.397526243038708,0.6356146191571513,-4.377194324688709,0.6332172295525739,52.95365053292881,-15.611764937994357,45.14112286029099,0.049027000000000015,1.674799412622724,4.342497668393162,2.2352144322873944
6645,TYR_44_A_CZ,52.97,-15.288,47.086,7101,ASN_45_C_OD1,53.268,-15.155,50.659,2,-4.066406719722594,0.4826188764214343,-3.930707920526611,0.4314146210957428,52.80899597412321,-15.359857501481931,45.15557253537654,0.08367399999999997,1.4260948012413839,3.5878715138644535,2.265255331391531
6640,TYR_44_A_CZ,52.708,-14.076,47.7,6658,TYR_44_C_CZ,52.395,-14.033,44.506,2,-2.833718971787582,0.2532720153044872,-2.790078495187654,0.26508151450769807,52.462021299083375,-14.042207398915611,45.18991702642906,-0.25775600000000004,1.76692702210586,3.209587824004823,2.7880445128606595
6537,TYR_44_A_CE1,52.68,-15.332,45.945,7059,ASN_45_C_OD1,52.96,-15.149,48.107,2,-4.096552861945958,0.3055563640072372,-3.9197416978213058,0.3812434751887637,52.58073925347199,-15.396873987909382,45.17856523573732,-0.67931,1.7701776242954044,2.1877232457511613,1.8363858124839405
6826,TYR_44_A_HE1,52.379,-15.522,43.947,7100,ASN_45_C_OD1,53.123,-15.6,50.659,2,-4.277584008702903,0.1921208047229487,-4.363477845498918,0.25380951026505094,52.5162408732441,-15.53638815606592,45.18511927582581,-0.358924,1.7879470971718259,6.753559357849752,2.378279695044763
7024,ASN_45_A_OD1,52.162,-15.359,42.862,7062,ASN_45_C_OD1,52.716,-15.326,47.846,2,-4.1064373376405205,0.0975870034722667,-4.079677241786902,0.15181970336362954,52.42128097848419,-15.343555465180549,45.19459277394444,-0.6438769999999999,1.7677140080458877,5.014804183614745,1.6853169692583208
7038,ASN_45_A_OD1,51.772,-13.775,41.13,7094,ASN_45_C_OD1,52.63,-13.743,49.254,2,-2.5099536405281166,0.003826967538032078,-2.484662082625442,0.045901184055915256,52.20351497994611,-13.758906201214133,45.21581316676244,0.633176,1.620821460017261,8.169245007955137,2.592001167802827
7035,ASN_45_A_OD1,51.836,-16.304,40.104,7090,ASN_45_C_OD1,52.92,-16.132,50.429,3,-5.043847767474845,-0.02198968846134286,-4.880264644614961,0.035040781053671366,52.37102235295548,-16.2191071543281,45.20003855559532,-0.04053500000000004,1.483923153363255,10.383172203137155,2.0865845948755743
7908,LEU_48_A_HD11,51.647,-17.389,40.781,7161,ASN_45_C_HB3,52.543,-17.319,49.907,3,-6.106604725882553,-0.3594183519675831,-6.039117544963133,-0.3768606817065354,52.08375402239569,-17.354878592000343,45.22945670578468,-0.8227249999999999,1.6791047838408255,9.170146781813253,2.3604297296015826
7810,LEU_48_A_HB2,51.714,-18.022,43.672,6981,ASN_45_C_O,52.257,-17.983,50.242,3,-6.722140875252757,-0.6297633002835429,-6.677211782861401,-0.7444280056556507,51.844733823597394,-18.01261027786318,45.253807036896646,0.601094,1.8804298923995109,6.5925162115841625,3.2684212430416024
7052,ASN_45_A_OD1,51.132,-16.014,40.299,6591,TYR_44_C_CE1,51.653,-16.042,44.936,3,-4.700130861591453,-0.7179158313376526,-4.734187887710193,-0.6663841093941879,51.69035617788228,-16.044007625682738,45.26847715324402,0.07211800000000002,1.5844724781620716,4.66626124429398,2.3863207963594686
7990,LEU_48_A_HD13,51.123,-16.347,43.229,7191,ASN_45_C_HB3,52.016,-16.372,51.45,3,-5.010513440000124,-1.0448037035414222,-5.044005884953146,-0.982019119759169,51.34829170441985,-16.353307158578392,45.303046026915574,0.548632,1.873092488263293,8.269396289935562,2.522003733701739
7015,ASN_45_A_OD1,50.695,-16.38,40.784,6583,TYR_44_C_CE1,51.164,-16.434,45.198,3,-5.028608083883837,-1.2276742346565521,-5.086260598982588,-1.207426373316054,51.17699736074511,-16.43549649782567,45.32032484078662,-0.19564200000000004,1.4820057468353018,4.439174810705253,2.383465793180284
7051,ASN_45_A_OD1,50.493,-16.325,40.934,7189,ASN_45_C_HB3,51.585,-16.24,51.769,3,-4.957440356305843,-1.438892442499102,-4.877559103969461,-1.4314718385961576,50.93749680161318,-16.29040088998433,45.34436890611606,-0.727537,1.7521785166101886,10.89022102622348,2.368007501333763
7050,ASN_45_A_OD1,50.371,-16.074,41.238,6634,TYR_44_C_CE2,50.444,-16.12,42.294,3,-4.6957749943322264,-1.5712615660183604,-4.739593483912371,-1.6078198658402731,50.65682028777737,-16.254105934763825,45.372605806752006,-0.552793,1.834146084631976,1.0595192305947045,2.957188219250097
7996,LEU_48_A_HD13,50.222,-16.103,42.278,6638,TYR_44_C_CE2,50.115,-16.013,41.933,3,-4.705994745081963,-1.8251789864125507,-4.6106450564348656,-1.8900430586391446,51.165969132677056,-16.896992728419963,45.32163879227648,-0.725102,1.721768387229432,0.3722552887468478,2.8720911179168924
7693,LEU_48_A_CD1,49.737,-16.945,43.882,7183,ASN_45_C_HB3,50.67,-16.823,51.978,3,-5.497464645371878,-2.5304463027232122,-5.388295723961218,-2.4043413262131947,49.91739208107519,-16.92141175360004,45.44733149880465,0.73508,1.6840101001065795,8.150496242560942,2.8410817242331956
7715,LEU_48_A_CD1,49.278,-16.717,41.212,7172,ASN_45_C_HB3,50.384,-16.848,51.865,3,-5.2545813740991605,-2.701799755967164,-5.392438163912679,-2.678690267616451,49.71977258388977,-16.769325685795266,45.467156723488,-0.606679,1.6856935437690326,10.711059984894117,2.6400848556355534
7700,LEU_48_A_CD1,49.164,-16.517,43.221,7013,ASN_45_C_CB,50.099,-16.468,51.835,3,-5.0321654079492415,-3.0004273344383705,-4.992228367819442,-2.9296222262629543,49.41116648740332,-16.504046889964965,45.498103874323235,0.490496,1.7516909305791537,8.6647343871581,2.680455593306654
7705,LEU_48_A_CD1,48.658,-16.566,42.397,7014,ASN_45_C_CB,49.698,-16.468,51.695,3,-5.048718207377524,-3.4238311653474707,-4.962952980590024,-3.3134696523142235,49.00938974945445,-16.532888273609103,45.53855951002643,0.24651199999999998,1.6737680362726535,9.356495497781209,2.991759734261398
1752,THR_29_A_CA,47.611,-6.24,47.041,5082,PHE_38_C_CZ,47.843,-6.339,48.757,3,5.359844818946124,-4.143336133846958,5.255899163449144,-4.092102906381723,47.4287643528821,-6.162235650583308,45.693084610110766,-0.946065,1.4240119334590218,1.7344396789741656,2.703538135593111
2564,LEU_30_A_HG,49.182,-7.705,48.271,5355,PHE_38_C_HZ,49.344,-7.704,49.798,3,3.7892518310961107,-2.8187281506103457,3.7889503058712037,-2.810476955117287,48.892944293585444,-7.706784294484036,45.54638232287016,-0.9321010000000001,2.078714525289847,1.5355696011578255,3.109884328926876
1776,THR_29_A_C,48.426,-6.778,47.509,5016,PHE_38_C_CE1,48.555,-6.798,48.533,3,4.765208165839208,-3.4223285089683078,4.742857349550435,-3.398160369158916,48.18764618835016,-6.741045920674435,45.61695113853142,-0.9630420000000001,1.8895584636315221,1.0322872662200195,2.9029897677440677
1991,THR_29_A_HA,48.483,-6.86,46.4,5361,PHE_38_C_HZ,48.949,-6.78,51.508,3,4.671200119626447,-3.261210129422014,4.752357177337723,-3.3031052912788432,48.40953058798994,-6.872612774593996,45.594674342173036,-0.527106,0.9627804040149157,5.129836254696639,2.1048655860573193
2019,THR_29_A_HA,48.002,-6.175,44.904,5350,PHE_38_C_HZ,48.635,-6.149,50.645,3,5.37983401012788,-3.5370106001579926,5.399069417455603,-3.480555990246444,48.08175716904713,-6.171724034130759,45.62735846366443,-0.7308,1.3616768156396377,5.7758502404407945,3.496879191872765
1997,THR_29_A_HA,48.837,-6.819,45.538,5353,PHE_38_C_HZ,49.183,-6.86,49.744,3,4.679181114107815,-2.8207834747163454,4.642289080802046,-2.900799374442567,48.83811135642442,-6.819131692524274,45.5515097257835,-0.3709649999999999,1.539972221105411,4.220406733953497,3.1058306753749765
1802,THR_29_A_O,48.749,-5.594,49.367,2835,GLN_31_C_C,47.667,-5.785,40.113,3,5.934712737541873,-3.1976927882206625,5.759701659903106,-3.3611715757018965,48.30905114627202,-5.671661951073972,45.60425814011202,-0.329794,1.4790924036122823,9.31899785384673,1.9101316097938503
2445,LEU_30_A_HA,50.093,-7.224,49.444,2855,GLN_31_C_O,49.38,-7.086,41.097,3,4.208479349691525,-1.9956230733223326,4.340153135274075,-1.85867163319091,49.752653040629255,-7.158126394960496,45.45960158503836,-0.958943,2.0811102225381015,8.378533403884001,1.4414506744033397
1811,THR_29_A_O,49.603,-5.388,50.022,3200,GLN_31_C_HB3,48.64,-5.482,40.253,3,6.080327307414083,-2.4002469121828933,5.989364273928945,-2.386860846991184,49.159066691509224,-5.431333053995977,45.518589313970494,-0.605765,1.3537150255637667,9.816800191508431,2.3283113906799957
1807,THR_29_A_O,49.922,-5.156,50.079,3140,GLN_31_C_HA,49.324,-5.155,44.449,3,6.287980871528762,-2.071864719673823,6.293819752758299,-2.1026367203088285,49.43464882208612,-5.155185031475052,45.49072720459008,0.959,1.2945961893996027,5.661669806691311,2.969094203712117
1808,THR_29_A_O,50.316,-5.156,50.022,3141,GLN_31_C_HA,49.765,-5.012,44.449,3,6.257823509633785,-1.675281970364029,6.403109853652251,-1.65427379364167,49.863719764219375,-5.037799720594528,45.447485019953824,0.855385,1.1983185129224112,5.602023384456728,2.969106600143815
2463,LEU_30_A_HA,50.946,-5.927,49.736,2273,LEU_30_C_O,50.592,-5.773,45.321,3,5.439427909110469,-1.0801612074964502,5.588102075845439,-0.9786330281795899,50.596255492765785,-5.774851259564769,45.37407344791229,0.822199,1.3763159973471113,4.431845778002659,2.480393918008644
2092,THR_29_A_HG1,50.6,-5.168,43.964,2104,THR_29_C_HG1,50.633,-5.24,45.211,3,6.181039344918721,-0.7892485744137421,6.115683526521996,-0.8865435609903071,50.637200281754886,-5.249164251101559,45.369719737828504,-0.596775,1.8882572950624252,1.24951270501744,3.3539219604865607
3093,GLN_31_A_H,51.541,-5.008,49.715,2129,THR_29_C_HG1,51.083,-5.048,45.933,3,6.310704633200268,-0.4180622923493924,6.27832243965198,-0.4976622537064438,51.010229171296025,-5.0543555308911685,45.332084554239245,0.430716,1.2899451125716026,3.8098409415617374,3.1630291013996854
3092,GLN_31_A_H,51.929,-4.791,49.735,2139,THR_29_C_HG1,51.673,-4.988,46.547,3,6.497926590485126,-0.018666398394848238,6.297997482919457,0.03089121756999902,51.57090930504739,-5.0665619801002455,45.27565181441825,0.398525,1.390439158874201,3.2043234855426217,3.16138343622575
2097,THR_29_A_HG1,51.815,-4.825,44.279,3101,GLN_31_C_H,51.428,-4.761,40.825,3,6.43356736267821,0.41070249813573095,6.501873180819572,0.376662753351214,51.92269027533174,-4.842809244499298,45.240142664071975,0.27908,2.0542068368692616,3.4762020942402074,1.8341348884947117
2074,THR_29_A_HG1,52.104,-4.43,44.957,1909,THR_29_C_OG1,52.504,-4.499,47.061,3,6.810462945637948,0.659646946358852,6.726523992675249,0.8410680528638133,52.15338075129282,-4.438518179598003,45.21674275180025,-0.329213,1.896709988620576,2.142796537238194,3.073577824236914
2254,LEU_30_A_O,52.376,-5.782,45.131,2120,THR_29_C_HG1,52.522,-5.603,45.875,3,5.443065445855653,0.8095766235029366,5.615853053747516,0.8936749316971084,52.38830059088159,-5.76691913857667,45.19368246312265,-0.705467,1.743461731818583,0.7790333754082683,2.664823133887426
2225,LEU_30_A_O,52.852,-4.945,45.815,1840,THR_29_C_O,52.255,-4.979,40.653,3,6.246611315475376,1.2769675807325656,6.220826369751735,1.1977805830606312,52.775592384074166,-4.949351522515032,45.15433649345199,0.6262979999999999,2.2549023962538435,5.196518930976773,2.218144941287178
3079,GLN_31_A_H,53.361,-6.016,49.761,1837,THR_29_C_O,52.58,-5.969,40.719,3,5.168517007016484,1.30651967270436,5.209611109663967,1.4385359872744086,52.96152403863288,-5.9919598333108075,45.1360811233272,-0.714226,1.6840572731845904,9.075788340414292,2.285000320207789
3072,GLN_31_A_H,53.85,-5.338,49.879,1877,THR_29_C_OG1,53.397,-5.202,45.95,3,5.808486731719518,1.8312915699892163,5.950167554705266,1.784685623932722,53.299197309820855,-5.172637602948418,45.10172898517915,0.959499,1.5078673499400879,3.957366043216114,2.551232441825069
2789,GLN_31_A_N,53.771,-6.469,49.426,2482,LEU_30_C_HA,52.815,-6.587,40.886,3,4.68346587381011,1.7123909628435812,4.576843034362333,1.6081260145723246,53.287127754206686,-6.528724816949379,45.103542908917476,-0.797628,1.6184709180391956,8.594152663293805,1.4978743590401462
2232,LEU_30_A_O,54.061,-5.553,45.595,2029,THR_29_C_HA,53.958,-5.488,45.689,3,5.547500981510566,2.4522850126430638,5.620763883571323,2.345637745535434,54.762499761822646,-5.99569402445117,44.9547963338706,-0.999366,1.6256283372231883,0.15385057685949857,2.2184243283682887
2234,LEU_30_A_O,54.184,-5.886,45.334,2050,THR_29_C_HA,54.161,-5.881,45.523,3,5.204304180174166,2.5751314575784767,5.212379644206938,2.533811454038854,54.22354996869045,-5.894597819280528,45.00900243119581,-0.957076,1.582613706482113,0.19045996954740868,2.2544000772152275
5363,PHE_38_A_HZ,53.793,-6.271,40.448,1819,THR_29_C_O,53.702,-6.339,41.321,3,4.814952211619339,2.6461246649705985,4.760269748344926,2.4634744098430033,53.30792773679994,-6.633471581292342,45.101495448062025,-0.962952,1.7264661055063821,0.8803601535735225,3.7761648932821683
2808,GLN_31_A_C,55.446,-5.197,50.277,1817,THR_29_C_O,54.527,-5.144,41.492,3,5.831423185525365,3.3856219229682365,5.890759904802489,3.3555091378169286,54.8878848709304,-5.164812729226664,44.94180804257189,-0.32565600000000006,2.196269789731701,8.833096569153994,1.6553486687402938
5376,PHE_38_A_HZ,53.69,-6.722,39.248,2446,LEU_30_C_H,54.261,-6.692,44.6,3,4.364436362862902,2.6296112509392477,4.389556372695053,2.663719449559215,54.30381161193798,-6.689750703400802,45.00127451329605,-0.7656959999999999,2.044867728749609,5.3824571526394935,3.4480896821701514
5151,PHE_38_A_CZ,54.051,-6.583,41.025,1803,THR_29_C_C,54.17,-6.622,41.832,3,4.488501711236169,2.820782593127053,4.446406964298172,2.8552667019097693,54.632467472701286,-6.773564970044952,44.968228995545694,-0.994226,1.6465980033511092,0.8166584353326692,3.6208073419817257
2856,GLN_31_A_O,54.923,-6.83,50.015,2605,LEU_30_C_HG,53.992,-6.904,41.577,3,4.240740339007907,2.7690737422815688,4.17683343960193,2.6827587964187085,54.36909848552138,-6.874026543578317,44.994784125488046,-0.9333670000000001,1.3780370952478345,8.489527725380256,2.132315020883558
5162,PHE_38_A_CZ,54.76,-5.417,39.377,1997,THR_29_C_H,54.956,-5.398,42.061,3,5.585810068505111,3.7772496682627126,5.609173591478904,3.7050147453250313,55.16434664514261,-5.37780313133821,44.914073446748645,-0.36023399999999994,2.406932317064453,2.691214038310589,4.221940026132589
3559,ILE_32_A_HD12,54.359,-7.072,43.857,2604,LEU_30_C_HG,54.16,-7.038,41.887,3,3.997931482886132,2.8063498673564653,4.032754039357294,2.8083004988219646,54.47288787326135,-7.091458229602437,44.98443271520026,-0.6919449999999998,1.5283108651110033,1.9803173988025247,1.8090063996976147
5022,PHE_38_A_CE1,54.152,-7.193,41.907,2448,LEU_30_C_H,54.357,-7.033,44.34,3,3.878947736386116,2.786610015369319,4.040428427757341,2.759072473679303,54.411812922641666,-6.990219182328449,44.990535808717965,-0.4207909999999999,1.6930247503375182,2.4468579852537484,2.4738306760065765
5135,PHE_38_A_CZ,54.657,-6.145,38.764,2045,THR_29_C_HA,54.988,-6.181,44.489,3,4.863294976418786,3.6810871695614558,4.843397124625168,3.43482282269365,55.013474928956356,-6.183770687137241,44.92961621835395,-0.4731599999999999,2.1173427439434307,5.7346736611598,3.0635172791996834
3552,ILE_32_A_HD12,55.052,-6.464,43.479,1810,THR_29_C_C,54.699,-6.273,42.557,3,4.549148323275461,3.577751480094301,4.759650194806859,3.3341318113829095,55.58544093593255,-6.752632347770869,44.872293322747346,-0.826647,1.7976268581768209,1.0055714793091517,2.0176514447358054
2801,GLN_31_A_C,56.049,-6.232,50.103,2062,THR_29_C_HA,55.356,-5.896,44.882,3,4.752628564251929,3.922744665851092,5.102604002597707,3.782271779321019,55.35770420263259,-5.896826280064279,44.89483931016556,0.2665679999999999,1.883158947394123,5.277498081477627,1.6245243838788634
5339,PHE_38_A_HE2,55.412,-5.805,38.268,1790,THR_29_C_CA,55.526,-5.52,43.446,3,5.141757517017886,4.505461243771241,5.45440330829387,4.122900813034287,55.557450869667015,-5.4413728258324685,44.87453160645418,-0.5293079999999999,2.182037669735359,5.187090224779204,3.7232112075198818
2855,GLN_31_A_O,55.802,-7.205,50.18,1799,THR_29_C_C,54.477,-6.518,42.447,3,3.8016323551825666,3.5962076865582873,4.531330544200632,3.106292265594436,54.90430534445343,-6.739553789916603,44.94085073861009,-0.131815,1.4166203340910677,7.875714761213738,2.889652741661236
2830,GLN_31_A_O,56.806,-6.57,49.715,1792,THR_29_C_CA,55.255,-5.792,43.539,3,4.355666238058291,4.686892237585005,5.204314680120196,3.8241210273263393,55.58964041122421,-5.9598596002143305,44.87152042535186,0.14841800000000002,1.9488900472845785,6.415127512372612,1.9019530692509903
5076,PHE_38_A_CE2,56.166,-6.591,37.675,2040,THR_29_C_HA,55.618,-5.588,44.494,3,4.296844303993435,5.253134013002347,5.387156298133166,4.10432310788783,55.58766021842695,-5.53246934139092,44.871530968150815,0.023245000000000016,2.276583857974229,6.9141213469247145,2.8628537238666243
2831,GLN_31_A_O,55.82,-8.172,48.438,2593,LEU_30_C_HG,54.211,-7.002,42.155,3,2.8235858657195765,3.714748750861788,4.066718429423734,2.8348552466286945,54.924003112065385,-7.520467147990362,44.93921289813973,0.26091400000000003,1.7927343925757668,6.590437769981599,2.1858987367418425
2839,GLN_31_A_O,56.621,-7.843,49.204,2036,THR_29_C_HA,54.632,-6.485,44.07,3,3.0966427130045457,4.457853126662852,4.564152745424086,3.100435446737297,54.96693571727807,-6.713679087010361,44.93453492835877,0.700222,1.796352455179239,5.6708236615151435,1.9728283288538118
5125,PHE_38_A_CZ,55.163,-8.474,39.427,1797,THR_29_C_C,54.322,-7.241,42.575,3,2.507544458591354,3.9402197035846385,3.823032885933262,2.8848947001539846,53.65645317643681,-6.265233967356217,45.06625017904511,-0.28141,1.648858294252066,3.4838877708674847,3.5923107971691888
3448,ILE_32_A_HA,57.41,-7.821,49.001,2063,THR_29_C_HA,55.356,-5.896,44.466,3,3.0575518786090994,5.262570261208515,5.099625454160549,3.823829637087322,55.54186903478543,-6.070195663077865,44.8763778348354,0.392196,2.1827314236379025,5.3376742126135746,1.9627412752553268
3456,ILE_32_A_HA,57.717,-7.939,48.946,2048,THR_29_C_HA,55.287,-5.851,44.125,3,2.916317711657437,5.563690774493742,5.1472641814263085,3.7928529371405224,55.65976870419352,-6.171304960640353,44.86455470078888,0.42091200000000006,1.572226442264203,5.788495918630329,2.7586899819420307
5110,PHE_38_A_CZ,55.541,-8.957,39.904,2633,LEU_30_C_HD11,54.484,-7.372,44.07,3,2.000809815097399,4.230950666663562,3.690882445908796,2.8863313594505944,54.246208828217135,-7.015425726323703,45.00721667137883,-0.841196,2.22160161106631,4.580942042855374,2.0491326590569554
5122,PHE_38_A_CZ,55.655,-9.102,39.662,2628,LEU_30_C_HD11,54.452,-7.354,43.69,3,1.8458871013702836,4.357228621027111,3.7085259926401166,2.893910749404446,54.05281883135336,-6.773976157278199,45.02657668105457,-0.928863,2.1349228001855796,4.552746094391823,2.356113587313305
5925,ARG_42_A_CD,55.838,-9.25,39.06,2037,THR_29_C_HA,54.484,-6.916,44.07,3,1.6801855457629569,4.587697673503496,4.145569012834458,2.920915831311889,54.23034069356586,-6.478746808554433,45.00857690194613,-0.8065730000000001,2.3029038638170305,5.690428103403115,1.7234444065207681
3404,ILE_32_A_CG2,58.507,-8.576,48.249,2034,THR_29_C_HA,55.566,-5.578,44.195,3,2.2165124865180275,6.368769338697911,5.398912959180781,4.083361901264619,56.02502020512709,-6.0459165504831685,44.827733053922216,0.16924599999999998,1.729795004086356,5.837156927820255,2.5753229283403485
5964,ARG_42_A_CZ,56.677,-8.966,36.038,1793,THR_29_C_C,54.6,-6.467,43.69,3,1.8783808170663376,5.743505278915656,4.581796292155407,3.1080148366911557,54.24248029745467,-6.03684028085662,45.00715973224693,-0.667122,2.1181725918528604,8.313364782084328,2.982832011268869
3504,ILE_32_A_HG22,57.427,-9.278,47.77,1798,THR_29_C_C,54.437,-6.855,42.772,3,1.5946510051245997,5.291907850098447,4.200648436058864,3.008581936947077,55.68761976529119,-7.868462104113893,44.86250086519243,-0.577938,1.8131074520701556,6.308013395673796,2.323484258011525
3499,ILE_32_A_HG22,56.932,-9.602,47.053,2591,LEU_30_C_HG,54.304,-7.23,42.538,3,1.3038258524015793,4.847871126514989,3.8350953857630827,2.8715673751347173,55.658835250883996,-8.452857387784176,44.86565645271735,-0.944315,1.8425873539966993,5.737420413391371,2.4402646816398863
5967,ARG_42_A_CZ,55.626,-9.836,36.038,2630,LEU_30_C_HD11,54.443,-7.429,43.294,3,1.090243193625585,4.634821649841143,3.631586220070742,2.9188534720700416,54.16231600817274,-6.8579041687842635,45.015591753760425,-0.725228,1.3530095595743288,7.735804676955074,3.7576429485993263
6026,ARG_42_A_HD2,56.195,-9.923,41.173,2602,LEU_30_C_HG,54.105,-7.303,41.573,3,0.997297500153187,4.6797500125241935,3.7704219102187366,2.7650046005788385,16.32548757714493,40.056962941569495,48.80352869336937,-0.970164,2.1474011602483487,3.375277766347536,2.4977906987427185
5889,ILE_41_A_HD13,57.496,-10.003,47.85,1794,THR_29_C_C,54.452,-6.898,43.69,3,0.8671021533821615,5.297384774613985,4.163212559565779,2.9284952212657402,55.335843182732354,-7.799554889088025,44.897880302288634,-0.696134,1.65362678459654,6.0176873464812095,2.199293103289095
5887,ILE_41_A_HD13,57.243,-10.379,47.827,2603,LEU_30_C_HG,53.871,-7.191,41.303,3,0.5111234208504541,5.020163402473665,3.8978344525479804,2.5683196130141126,55.70985209577322,-8.929511412018094,44.860731634882704,-0.539509,1.4853278343404845,8.00601673742942,1.9301023503980856
6024,ARG_42_A_HD2,56.343,-10.81,41.173,2447,LEU_30_C_H,54.003,-7.048,44.6,3,0.10167751518136055,4.7593083693680605,4.054062241280817,2.3807567559401313,53.68662975196335,-6.539373985848764,45.063333692316924,-0.6304709999999999,2.3218932147230396,5.6011224767898105,1.7179347355283772
5897,ILE_41_A_HD13,58.198,-11.605,48.527,7739,LEU_48_C_CD1,56.062,-15.878,47.999,3,-0.778441244926096,5.804708848650688,-4.8816338732308555,3.4142459315827405,46.9701437130133,-34.06596906099914,45.75157485040778,-0.216055,1.2451109752635894,4.8062260662603045,1.459529345382251
5846,ILE_41_A_HD11,57.964,-12.082,47.421,7734,LEU_48_C_CD1,56.176,-16.135,48.823,3,-1.2443179216389677,5.6468675619172695,-5.14060145899055,3.425537443734907,62.04599648465934,-2.829018035612766,44.22023989290134,0.895959,1.3324169215648165,4.6464348698760425,1.9884294000700018
5843,ILE_41_A_HD11,57.254,-12.31,47.63,7742,LEU_48_C_CD1,55.735,-15.835,47.576,3,-1.4165557280929724,4.904303473634265,-4.8170960339341455,3.1353467027107915,35.95322330224366,-61.7407030017059,46.87276369869723,0.04265499999999997,1.727171873408108,3.838737031889525,2.1734851208733854
5844,ILE_41_A_HD11,58.199,-12.882,47.421,7969,LEU_48_C_HD12,56.43,-16.057,47.744,3,-2.0597574912033276,5.819337220051141,-5.089730181487113,3.7912380265951837,92.82082179004851,49.25722226308889,41.09943502646374,-0.01983099999999998,1.7140312305757845,3.6488785948562317,2.150848672405145
5739,ILE_41_A_CD1,57.603,-12.84,48.024,7736,LEU_48_C_CD1,56.177,-15.979,48.422,3,-1.96855960837333,5.170990418242965,-4.987997445906281,3.478420453751982,76.49130097590543,28.738104322136827,42.75223016240515,-0.15701799999999996,1.4185765613422943,3.470619685301171,2.057744924086546
6070,ARG_42_A_HE,55.892,-12.807,36.873,7735,LEU_48_C_CD1,55.736,-15.979,48.823,3,-1.8863052668837015,4.589975627716937,-4.95182828594972,3.000843718793502,55.78779285141235,-14.925878687948885,44.855534779630865,-0.9881929999999999,1.0305986906140436,12.364805700050448,1.718095821206652
6066,ARG_42_A_HE,56.172,-13.062,37.584,7743,LEU_48_C_CD1,55.736,-15.979,47.175,3,-2.156621635396149,4.777396452257294,-4.963627920143078,3.165476770713857,55.841680868881355,-15.271956205213474,44.85026327192403,-0.8558089999999999,1.5103739952807715,10.034254631012702,3.939772624040247
6000,ARG_42_A_HB3,57.203,-13.707,37.446,7968,LEU_48_C_HD12,56.576,-16.15,48.157,3,-2.878598265668104,5.7651216872496125,-5.19052907308751,3.8877734692559,56.77506686517237,-15.374369455157755,44.756353759392006,-0.820805,1.2039213882765456,11.003949245611775,3.034415024096061
5998,ARG_42_A_HB3,57.274,-14.093,37.827,7980,LEU_48_C_HD12,56.823,-16.194,47.941,3,-3.2661194109638294,5.768224134281923,-5.254598798758545,4.151063893942163,56.9658620149635,-15.528472076633468,44.73721636509798,-0.776085,1.315461340223486,10.339758120962022,3.051238089045809
6786,TYR_44_A_HD2,57.907,-14.295,47.648,7987,LEU_48_C_HD12,56.602,-16.273,47.133,3,-3.445014600503729,5.399799826324083,-5.3224697513822,4.006535702447655,51.84596822952783,-23.481759265895764,45.25609857333856,-0.11536199999999999,1.935789045040125,2.4250224741226627,2.909290986798184
6791,TYR_44_A_HD2,57.41,-14.345,48.179,7970,LEU_48_C_HD12,56.34,-16.131,47.312,3,-3.453542308505934,4.8498863441109235,-5.159814632168645,3.7394926144815694,53.58516909175935,-20.729250469269022,45.0798145818274,0.29230900000000004,1.8330867133866127,2.255301531946447,2.884610178895564
5985,ARG_42_A_HA,56.129,-14.515,39.013,7741,LEU_48_C_CD1,56.177,-15.979,47.576,3,-3.5919581625122894,4.4817807097672535,-4.994054782391464,3.5629347510363383,56.161540951491006,-15.507499020475763,44.818170158698024,0.09682700000000001,1.3774829495599987,8.687379869673022,3.3494268387324824
5908,ARG_42_A_O,56.619,-15.385,38.759,7984,LEU_48_C_HD12,56.823,-16.194,47.525,3,-4.498268693516421,4.927301844229554,-5.257577347195704,4.192621751708466,56.75861315154648,-15.938661958828934,44.75825924733544,0.270965,1.4433168051041716,8.805614856442448,3.6584380961731693
7103,ASN_45_A_HB2,55.167,-14.644,39.077,7737,LEU_48_C_CD1,55.735,-15.835,48.422,3,-3.6474918832535215,3.511200484697448,-4.8110386974489625,3.0508324054264353,55.519877551541065,-15.383924584305307,44.88270549146351,0.026966000000000045,1.4740103005201597,9.4376972827062,2.2213242241711493
6816,TYR_44_A_HD2,57.026,-16.201,48.132,7967,LEU_48_C_HD12,56.757,-16.393,48.486,3,-5.275538737621935,4.332849219833971,-5.444140051293549,4.0160475312328465,59.82477599166897,-14.203360630481674,44.448852412450584,-0.2808869999999999,1.5731010284329061,0.4842943319924387,3.1161699641599183
6977,ASN_45_A_CB,54.787,-15.517,38.62,7740,LEU_48_C_CD1,55.617,-15.769,47.999,3,-4.492557293732512,3.113644044080542,-4.73934779594208,2.9810270648001826,55.342810829262746,-15.685752203583393,44.90066237066901,0.360068,1.6752486280621783,9.419025692713662,3.1803051948668393
6609,TYR_44_A_CE2,55.045,-15.025,48.902,7706,LEU_48_C_CD1,55.041,-15.763,47.93,3,-3.947836053763223,2.379763006781727,-4.690367836231027,2.4169238910702004,55.02866799653066,-18.03825464009036,44.93332315695416,-0.407365,1.6974312165022416,1.2204277938493542,3.253318025950852
6614,TYR_44_A_CE2,54.928,-15.394,48.675,8019,LEU_48_C_HD13,54.613,-15.73,47.617,3,-4.3085643573734655,2.2583778585624423,-4.627387521529805,2.0260749861458494,53.84913841761174,-16.544785687880818,45.051395066137204,-0.7497229999999999,1.7865793498690723,1.1538999090042423,3.42240834148014
6476,TYR_44_A_CG,55.295,-16.801,46.474,7930,LEU_48_C_HD11,55.791,-16.911,49.728,3,-5.7549814136194675,2.73564533823908,-5.878816851418044,2.8943152487375445,55.059596677708235,-16.748793618040136,44.92964030093261,-0.327676,1.7061159024422425,3.2934225359039537,2.746229109719693
6473,TYR_44_A_CG,54.881,-16.892,45.557,7929,LEU_48_C_HD11,55.316,-16.863,49.751,3,-5.821025640221949,2.40962013659241,-5.794925223468211,2.424409194837637,54.8184548787563,-16.896169674749586,44.953978762077945,-0.014538000000000051,1.8032832265656333,4.2165983920691295,2.9580565129381236
6969,ASN_45_A_CB,53.423,-15.72,38.644,8010,LEU_48_C_HD13,54.477,-15.697,48.016,3,-4.591810979488735,1.742622028088853,-4.581356969298923,1.8537922419987203,54.14025531898699,-15.704348318466131,45.02171997110634,0.418591,1.7621731311061932,9.43110963778918,3.268919326887512
7123,ASN_45_A_HB3,53.166,-15.512,38.888,8012,LEU_48_C_HD13,54.019,-15.568,48.121,3,-4.363258092707919,1.4790516863488155,-4.41739512761901,1.3987035378056667,53.73641908342046,-15.549448380623154,45.06230175524161,0.518631,1.7795220279058204,9.272488015629897,2.863464531040788
6493,TYR_44_A_CD1,53.907,-16.201,45.609,8017,LEU_48_C_HD13,53.956,-16.256,47.013,3,-5.058101087565576,1.4905248364980241,-5.10658984713864,1.3947087335720207,53.88739937670943,-16.178999300388153,45.04738214081742,-0.719882,1.9727709556595492,1.405931008264627,2.6959819286920754
6409,TYR_44_A_O,53.943,-17.262,44.02,7878,LEU_48_C_HG,54.253,-17.347,46.397,3,-6.1301404522204255,1.6045099963966982,-6.221283134930319,1.6681560118404581,54.07459459056117,-17.29808238773452,45.02903336052867,-0.1433250000000001,1.9171255640043356,2.398635862318409,2.169395851102143
6558,TYR_44_A_CE1,53.496,-16.124,45.395,7066,ASN_45_C_OD1,54.016,-16.092,49.662,3,-4.951822267186285,1.109988807257395,-4.928625797468014,1.2020415324767018,53.45889105443846,-16.126283627419177,45.09049255632481,0.024701999999999974,1.7073438463022375,4.298687357787253,2.8208276761024207
7128,ASN_45_A_HB3,53.071,-17.554,39.115,7914,LEU_48_C_HD11,54.266,-17.749,49.646,3,-6.390578092599379,1.2072532193355037,-6.599844064313537,1.3259935415122968,53.74586521298056,-17.664124448980097,45.06228498568898,-0.08880300000000002,1.5153728288744857,10.60037787062329,2.436282278172755
7127,ASN_45_A_HB3,52.84,-17.43,39.396,7917,LEU_48_C_HD11,53.828,-17.517,49.48,3,-6.247481486695945,0.9594104762056743,-6.336629363559301,0.9256312845459349,53.39858259402172,-17.479186928825804,45.09716080780863,0.04880899999999999,1.5765814615752531,10.132658535646009,2.5798817748209735
7825,LEU_48_A_HB2,53.168,-17.66,43.57,7847,LEU_48_C_HB2,53.661,-17.602,46.743,3,-6.471699153173001,0.8503991299680778,-6.428371928033636,1.0269261738598603,53.40518745886164,-17.63209559307511,45.09656350297767,-0.41948499999999994,1.9879680545871756,3.211594930871578,2.5803982033376878
7816,LEU_48_A_HB2,52.704,-16.524,43.362,7055,ASN_45_C_OD1,53.399,-16.593,49.69,3,-5.305425846667666,0.4970001427125752,-5.381395256800104,0.5491194962538548,52.900037783329225,-16.543462743956432,45.14693106893138,0.797754,2.0123432601789384,6.36642521357158,2.8383953523425425
6950,ASN_45_A_O,52.255,-17.922,40.643,7843,LEU_48_C_HB2,52.794,-17.838,46.786,3,-6.684965045143218,0.21714180840174901,-6.597920853212851,0.1445783763529607,52.65242257359178,-17.860064014505188,45.17243760588921,0.508116,1.755205768994355,6.167173258471015,2.5255782651028995
7113,ASN_45_A_HB3,52.009,-17.389,40.616,7162,ASN_45_C_HB3,52.897,-17.304,49.646,3,-6.135119182564121,0.01620616531263791,-6.0527585184588135,0.001554934729190216,52.45896756756458,-17.34592878013178,45.19168371070734,-0.9436979999999999,1.6438455634354683,9.0739555321811,2.094301698946665
7849,LEU_48_A_HB3,52.082,-19.525,40.161,6992,ASN_45_C_O,52.857,-19.271,50.379,4,-8.273736488554862,-0.02791736671436562,-8.005824410767442,-0.2605383803881618,52.463593476593026,-19.399935815413393,45.19212534687424,-0.9482970000000001,1.9404893118732003,10.250495841665412,4.077463539619807
7835,LEU_48_A_HB3,51.613,-19.015,40.497,6999,ASN_45_C_O,52.59,-19.047,50.602,4,-7.727387538558093,-0.4880995648232318,-7.760712911832854,-0.5307183877777416,52.07075472710889,-19.029992990038377,45.23150513555308,-0.5082869999999999,2.0369793798765983,10.152171097848969,3.971177594811057
7793,LEU_48_A_HA,51.607,-20.155,44.829,7672,LEU_48_C_N,51.816,-20.323,46.075,4,-8.832633922116797,-1.013274515057475,-9.007009390422894,-0.9431404424664936,51.681180407409975,-20.214628270071188,45.2712430030279,-0.7258629999999999,1.6788290506751642,1.2745277556805135,1.6920003459021806
7869,LEU_48_A_HG,51.41,-18.542,44.509,6462,TYR_44_C_O,51.535,-18.59,46.196,4,-7.211696472949549,-1.0544162090681128,-7.256917555490857,-1.1025729244022409,51.46801506168559,-18.564277783687277,45.29197127250874,0.03287000000000001,1.856129081972488,1.6923055279706414,1.797767197166064
7838,LEU_48_A_HB3,50.436,-19.859,40.825,6444,TYR_44_C_O,50.921,-19.964,45.904,4,-8.477737862385773,-1.752583004051964,-8.582690189953992,-1.7867621304333219,50.868378976088096,-19.952607819565472,45.352943957838015,0.47086399999999995,1.8854293734932708,5.103184398000919,2.856335551488772
7917,LEU_48_A_HD11,50.058,-19.584,40.825,6465,TYR_44_C_O,50.39,-19.441,45.363,4,-8.17498880232679,-2.106741018516675,-8.024976626909895,-2.2198575876551927,50.39275039704528,-19.43981534103171,45.40059428250453,0.748231,1.7782331325721838,4.5523748747219805,2.2921847417300163
8070,LEU_48_A_HD23,49.476,-20.082,41.001,7580,ALA_47_C_HB1,49.763,-20.112,45.02,4,-8.6263499260735,-2.7394969325965826,-8.649157721921643,-2.8585315697825173,49.794500202221684,-20.11529270406499,45.461112587905816,0.7828829999999999,1.7064286693456583,4.0293461007960145,2.3168217133902895
8080,LEU_48_A_HD23,49.18,-19.888,40.906,7575,ALA_47_C_HB1,49.525,-19.728,45.179,4,-8.411239223100143,-3.0089554313854996,-8.247154980047643,-3.081412175483217,49.54975254093129,-19.716520560727528,45.48557277507075,0.8997739999999999,1.6330455067354368,4.289889742172871,2.1883391144711104
7732,LEU_48_A_CD2,49.178,-19.849,44.924,7574,ALA_47_C_HB1,49.084,-19.585,45.179,4,-8.343431776485291,-3.4093747173796833,-8.071268856948745,-3.5080839640970125,48.94877208275902,-19.205210955833824,45.545841690387796,-0.960177,1.491538132150087,0.37888916585196764,1.9991799018147738
7762,LEU_48_A_CD2,48.765,-19.675,44.788,7576,ALA_47_C_HB1,48.67,-19.774,45.118,4,-8.13972285944768,-3.7923302660705516,-8.228901874446441,-3.9270550777181503,48.534745578059855,-19.914949344969216,45.587831149897355,-0.901,1.400477386813416,0.35738774461361067,2.2415192369717523
8067,LEU_48_A_HD23,48.01,-19.624,41.731,6730,TYR_44_C_HA,48.277,-19.575,45.054,4,-8.053750992544638,-4.232109603667091,-8.00125956168452,-4.295465197023867,48.321604362369456,-19.566814180688763,45.609132195332194,0.419863,1.4653672050295539,3.3340694353897313,2.3305511757449136
7713,LEU_48_A_CD1,48.252,-18.13,41.212,6513,TYR_44_C_CB,48.641,-18.258,44.301,4,-6.5860426176133515,-3.826863638792217,-6.720928495513533,-3.7592306250250385,48.79960490030954,-18.310188758970757,45.56046153484877,-0.210548,1.4158680243200081,3.1160272784428553,2.32764028130519
7688,LEU_48_A_CD1,47.905,-18.296,41.832,6499,TYR_44_C_CB,48.174,-18.446,44.056,4,-6.720924823265861,-4.245650481475196,-6.874880026444761,-4.212325986485264,48.36131853967438,-18.55045271729056,45.60468562169451,-0.13068500000000005,1.5869192179993274,2.2452253784419915,3.096816318312526
8054,LEU_48_A_HD22,47.389,-19.277,43.84,6742,TYR_44_C_HA,47.681,-19.296,44.719,4,-7.645761051606852,-5.032574256065573,-7.68046037234091,-4.832132197273692,47.987822541603904,-19.315964480446837,45.64261991119806,-0.6808620000000001,1.4700728320444618,0.9264264676702587,2.6569809389333887
7960,LEU_48_A_HD12,47.532,-17.92,42.887,6784,TYR_44_C_HB2,47.498,-17.96,43.104,4,-6.310290434906088,-4.692580949400295,-6.346054313910355,-4.751024189115238,47.08608227411221,-18.444609089279766,45.73300430934271,-0.331995,1.547324838250131,0.22325993818864887,3.488040210529503
1194,PHE_28_A_CB,44.611,-6.851,48.793,5048,PHE_38_C_CE2,44.919,-6.798,52.141,4,4.989666057684714,-7.341007364154823,5.0432292330486845,-7.365880835441765,44.35432248290316,-6.895168533786138,46.0028820544149,0.049960000000000004,1.2463657876704053,3.3625551296595857,2.30630950894163
1536,PHE_28_A_HB2,45.29,-6.922,47.496,5319,PHE_38_C_HE2,45.971,-6.853,52.995,4,4.858315711268515,-6.543185781301015,4.915070277570784,-6.411673494915443,45.0958500258961,-6.941671583279245,45.928260341266714,-0.132862,0.927959473742989,5.541436907517755,2.2495885553064916
1600,PHE_28_A_HB3,45.755,-6.654,48.999,4917,PHE_38_C_CD1,45.605,-6.742,47.86,4,5.101195071766337,-6.21167973460508,5.016619187082324,-6.2533847433235,45.34726490084283,-6.893204591505525,45.90293148039999,-0.891054,0.7679571737248063,1.1522000694323917,1.8107897253616538
1532,PHE_28_A_HB2,45.488,-6.25,46.226,3396,ILE_32_C_CG1,45.576,-6.358,46.626,4,5.504336833551539,-6.168911481911636,5.392867397606198,-6.129756968700387,45.415346083018285,-6.160833829158802,45.895754922810404,-0.968708,1.1153865204834645,0.423565815428959,1.9075079820458003
1121,PHE_28_A_C,46.133,-6.193,46.783,5070,PHE_38_C_CZ,46.429,-6.229,49.288,4,5.516459586234371,-5.580325657503193,5.476149323235443,-5.539639801281105,46.020957464996236,-6.179373205202237,45.83480219532287,-0.650667,0.87504055539618,2.5226844828475827,2.3980460518272837
1574,PHE_28_A_HB3,46.38,-5.74,49.357,5331,PHE_38_C_HE2,46.612,-5.84,52.467,4,5.967934656176868,-5.5580585555983,5.87297288226894,-5.646159954268854,46.1165150720457,-5.6264289103645195,45.8249391123368,0.17334899999999998,0.7107881209198726,3.120244221210897,3.1212736583542573
1183,PHE_28_A_CB,46.802,-6.043,47.588,2828,GLN_31_C_C,46.127,-6.085,40.675,4,5.621278004146223,-4.985650829372688,5.580868433918227,-4.967905976939436,46.62487295201727,-6.05402123854114,45.77395661821547,-0.204704,1.6135396162132705,6.946003023322121,3.335298564900947
1162,PHE_28_A_O,46.064,-5.334,44.896,3478,ILE_32_C_HG12,46.15,-5.345,45.644,4,6.364684403220531,-5.395122656580093,6.3525782564287825,-5.38536031088856,46.17016806058774,-5.3475796356565635,45.81941522464686,-0.8979429999999999,1.665598380548283,0.7530079680853292,2.779655683245163
1561,PHE_28_A_HB3,47.316,-5.908,48.177,5132,PHE_38_C_CZ,47.352,-5.903,49.368,4,5.721296455684238,-4.524311471915132,5.732091375913641,-4.607195901145728,47.241485995315,-5.918349167317359,45.71182834500386,-0.9430400000000001,1.3883830793648366,1.1915544469305654,2.762785902093495
1979,THR_29_A_H,46.918,-5.051,49.31,4089,ARG_33_C_HH21,46.06,-5.078,40.248,4,6.613991522762157,-4.967356059103761,6.586969509253019,-4.915346082554112,46.583555842213315,-5.061524466503769,45.777677205287915,-0.5406920000000001,1.2028297361369193,9.102567604802509,2.10756806753712
1976,THR_29_A_H,47.354,-5.117,49.279,3456,ILE_32_C_HG12,46.908,-5.192,44.987,4,6.515039183147382,-4.536708003372165,6.443200147194503,-4.556108905166998,46.98595887840743,-5.178890323137757,45.737223107902864,-0.06142900000000007,1.7849472286693324,4.315762389196145,2.3463051583297547
1960,THR_29_A_H,48.284,-5.708,48.884,5121,PHE_38_C_CZ,48.143,-5.834,50.192,4,5.852692976996697,-3.619415661834092,5.74706744580681,-3.8995258946748375,48.64116740772405,-5.388829125012539,45.57070234536834,-0.67931,1.5088849160610363,1.3215978964874298,2.695103877828473
1967,THR_29_A_H,48.131,-4.85,49.445,3198,GLN_31_C_HB3,47.141,-4.875,39.501,4,6.7237907645809045,-3.7621771527648478,6.702414646538345,-3.7528624160114314,47.75415046446703,-4.85951640241244,45.659755776424426,-0.20172899999999994,1.4011085693939243,9.993190731693259,2.2508523901147397
1803,THR_29_A_O,48.822,-5.241,49.587,3214,GLN_31_C_HB3,47.869,-5.147,39.552,4,6.282759257258549,-3.120474364845123,6.376595111116265,-3.05633570752345,48.44247343116583,-5.203565060366822,45.59062107213966,-0.4522520000000001,1.553876797261734,10.080588772487452,2.2033020642751455
1964,THR_29_A_H,48.739,-4.287,49.399,3209,GLN_31_C_HB3,47.61,-4.265,39.029,4,7.238932314847561,-3.111683590987273,7.271865964349676,-3.194149678318972,48.32561137028044,-4.2789445971179445,45.601976005144564,-0.8286650000000001,1.2456890459886238,10.43130025452244,2.6447123886502766
1957,THR_29_A_H,48.767,-3.522,48.705,3192,GLN_31_C_HB3,47.914,-3.717,39.363,4,7.994645677900072,-2.9565550135931464,7.797725240098875,-2.884354535277376,48.48220172659337,-3.5871062875900184,45.58590800684082,-0.47084999999999994,1.0373284075387825,9.382888574420992,2.8255588453430596
1856,THR_29_A_OG1,48.832,-4.106,43.91,3147,GLN_31_C_HA,49.019,-4.112,44.004,4,7.373087857103927,-2.457346472039336,7.353658611706751,-2.2816687750704663,51.55182887561979,-4.193267236650898,45.27718670753084,-0.728724,1.3346161225033222,0.20938242524146894,2.950590152810578
1794,THR_29_A_O,49.704,-3.824,49.142,3202,GLN_31_C_HB3,48.578,-3.783,39.583,4,7.625895611750715,-2.0935150001516396,7.683354755250422,-2.2525816021720524,49.275713695811156,-3.808405205620113,45.506130744457195,-0.3909599999999999,1.2284727273801062,9.625177297068355,2.196549570762735
1829,THR_29_A_CB,49.33,-2.777,44.065,3269,GLN_31_C_HE21,48.746,-2.663,39.452,4,8.661767850997789,-1.877968016690437,8.78650586630908,-1.9878772769700936,49.509411507067895,-2.812022109256398,45.48216657894565,0.40560699999999994,1.3068581693238723,4.651217152531151,3.107881617858122
1887,THR_29_A_OG1,49.926,-3.643,43.289,3187,GLN_31_C_HB2,49.716,-3.744,40.286,4,7.74770468958439,-1.2748334877769605,7.641350402721359,-1.1908394580475958,50.07540759827121,-3.571142059879076,45.425528655278264,0.695054,1.470913077695525,3.012027556314849,2.7498317394970746
1886,THR_29_A_OG1,50.367,-3.786,43.289,3182,GLN_31_C_HB2,50.139,-3.866,40.643,4,7.571818566485492,-0.848161699163165,7.490319005144044,-0.8160966494947175,50.547015184011634,-3.722836777539766,45.37812358287193,0.861475,1.553038843021185,2.6570095972728445,2.639574292891904
1850,THR_29_A_OG1,50.683,-2.783,44.313,3171,GLN_31_C_HB2,50.422,-2.746,41.685,4,8.555401601987972,-0.5608827938008043,8.593185608776183,-0.554481667394018,50.786349592743335,-2.7976510916915753,45.35362348555357,0.925338,1.3528107842375408,2.641187990280132,2.5096059036832457
3065,GLN_31_A_H,51.682,-4.364,49.297,2137,THR_29_C_HG1,51.222,-4.286,46.547,4,6.939210525765268,-0.1875751528971646,7.032028555309116,-0.3633052842756218,51.01857788719805,-4.251506685220531,45.3308895430318,0.751587,1.763347185273496,2.789298119599266,2.2810917495813663
2085,THR_29_A_HG1,51.55,-3.107,45.25,2148,THR_29_C_HG21,51.243,-3.002,41.978,4,8.173580287913829,0.1810921226573965,8.27803067170439,0.2113486119854392,51.552499513009025,-3.107854882299494,45.27663976079981,0.600675,1.840540277923795,3.2880477490450146,2.081546754392778
2083,THR_29_A_HG1,51.74,-3.522,45.118,2151,THR_29_C_HG21,51.329,-3.49,41.813,4,7.7444844290129975,0.35130338932366706,7.783761390413557,0.2761412898281471,51.7571885376391,-3.52333828030279,45.256219262523686,0.428487,1.720243213605485,3.330611055046806,1.9231420012636105
1903,THR_29_A_CG2,52.004,-2.333,46.522,1899,THR_29_C_OG1,51.866,-2.431,45.941,4,8.920178807608766,0.5631382657511261,8.828720922442557,0.4768365871768401,51.70450683413931,-2.545683552567728,45.26109036691985,-0.796335,1.8817488526871877,0.6051520470096707,1.7656082849112955
2061,THR_29_A_HG1,52.131,-3.945,46.003,1905,THR_29_C_OG1,52.419,-4.011,47.226,4,7.299516660013775,0.6187236096848192,7.220717768271973,0.7772674778728955,51.95059816982689,-3.9036579139186536,45.23691861700794,-0.6529590000000001,2.1216627609384897,1.258184803596036,2.9339071943777593
3257,GLN_31_A_HE21,52.747,-2.625,49.999,1890,THR_29_C_OG1,52.362,-2.492,46.34,4,8.597814358262152,0.9307767198223824,8.733302627550763,0.9244335901981657,52.2427717030088,-2.450812042857574,45.20686665275116,0.32222799999999996,2.192866686882983,3.681602232724224,1.9683219657172333
2880,GLN_31_A_CB,52.862,-4.265,49.936,1843,THR_29_C_O,52.105,-4.023,41.115,4,6.953403875721128,0.9267794159848106,7.188706530107791,1.0753179993686297,52.45439131087189,-4.134694448125482,45.1863087889048,-0.11305200000000004,2.081243995392108,8.856729306013591,2.188281092417391
2878,GLN_31_A_CB,53.237,-4.111,50.191,1906,THR_29_C_OG1,52.86,-4.154,47.226,4,7.080471461645951,1.2850236613530055,7.044831645173074,1.2039392664866981,52.59880747372179,-4.183791189999893,45.171793526750974,0.731636,2.122075824782733,2.9891809915092167,2.846849075204072
3249,GLN_31_A_HE21,53.972,-2.223,50.934,1867,THR_29_C_CB,53.534,-2.629,46.533,4,8.912856562041789,2.0831863742893013,8.509586434678887,2.0575071738776893,53.390534858575506,-2.761983669904883,45.09147012007036,0.652604,2.122551824285072,4.441337748922048,2.2500996891006135
3184,GLN_31_A_HB3,53.95,-3.999,50.699,1854,THR_29_C_O,52.826,-4.099,40.64,4,7.141950570028363,1.950138888517031,7.055084843369693,1.8323119577304194,53.32422021929945,-4.054674357713564,45.098716357591776,-0.680524,2.4154825367621067,10.122097460506886,1.6184764822918805
3186,GLN_31_A_HB3,54.361,-3.282,50.881,1821,THR_29_C_O,53.455,-3.378,41.566,4,7.82715564400119,2.394091129244454,7.7331451740041,2.4185213624729025,53.793971065510945,-3.342082536104792,45.05111641858108,-0.44859400000000005,2.755530092002396,9.359448541447298,2.003933160505408
3199,GLN_31_A_HG3,54.491,-2.486,46.767,2094,THR_29_C_HB,54.471,-2.538,46.275,4,8.581591030908019,2.9944188770762135,8.527728215921348,3.019783135462311,54.41868040700248,-2.6740309417935073,44.9879380122613,-0.9755619999999999,1.9854906172409816,0.4951444233756495,1.8050782047589982
3135,GLN_31_A_HA,54.494,-3.509,46.265,1990,THR_29_C_H,53.892,-3.332,41.566,4,7.557716791189119,2.9699567990337323,7.746016690236357,2.8555590931483636,54.331560596785444,-3.4612395774601628,44.99705522308109,0.9917940000000001,2.3625979208704466,4.740710284335036,2.6584554188392917
3136,GLN_31_A_HA,54.872,-3.696,46.096,1191,PHE_28_C_O,54.708,-3.786,46.116,4,7.341504226286881,3.3476718895401136,7.264289589777042,3.1761431653108723,109.66123539531489,26.37126332669692,39.41438592739965,-0.9412820000000001,1.8721460934185292,0.1881382470419042,1.7219610655001152
3125,GLN_31_A_HA,55.21,-4.049,46.001,1154,PHE_28_C_O,55.289,-3.938,46.009,4,6.963319862816616,3.6657204011820768,7.068092475498054,3.7517159254464367,49.81810954255692,-11.624947351597196,45.45498577646128,-0.999366,1.873885218234006,0.13647710430691365,1.5990662911213411
3209,GLN_31_A_HG3,55.964,-3.754,46.052,2022,THR_29_C_H,55.468,-3.772,41.083,4,7.2009040290118245,4.431044844223137,7.184828797447559,4.433993276388141,55.84351788304895,-3.7583723348893434,44.844992663044884,0.6984379999999999,2.0520780476970923,4.9937261638980575,2.003222717266202
3479,ILE_32_A_HG12,56.239,-3.98,45.846,2003,THR_29_C_H,55.716,-4.154,41.242,4,6.953315964723216,4.707311710305555,6.786342109122176,4.635178811382806,56.12211608926517,-4.018886807777928,44.817064005691854,0.499639,1.8739062820114574,4.636876211416474,1.978287638084559
5147,PHE_38_A_CZ,55.174,-5.203,41.025,2042,THR_29_C_HA,55.561,-5.267,45.315,4,5.779733953499444,4.039577628954436,5.717413872121218,3.9901020634201316,55.52158392153649,-5.260481578755383,44.87806207594716,-0.3805589999999999,2.0820761586427827,4.307895657975015,2.4967424722846085
3477,ILE_32_A_HG12,56.423,-4.356,45.247,1207,PHE_28_C_O,56.667,-4.33,46.004,4,6.560217099875562,4.921180933613429,6.573138920743783,5.089602637800919,56.2793689584059,-4.3713049470551,44.80139057997239,-0.9214790000000002,1.664035098763703,0.7957769788075028,2.7595254660138377
2797,GLN_31_A_C,56.423,-5.361,50.006,1149,PHE_28_C_C,55.956,-5.289,44.566,4,5.59218614496555,4.3695406809678525,5.660289671151641,4.455138264515788,55.97883912117398,-5.292521234956153,44.832048863354295,0.41410300000000005,2.47690687211529,5.460482854107315,1.6752943142476289
3471,ILE_32_A_HG12,56.768,-4.345,45.236,1599,PHE_28_C_HB3,56.463,-4.51,41.324,4,6.545057192020806,5.265389577684432,6.3755518728482565,5.341087790697758,56.73057431053718,-4.365246684463485,44.75596951744737,-0.24738399999999994,1.6544046146392288,3.9273393028868786,2.5441179223628496
5094,PHE_38_A_CE2,56.244,-4.561,39.889,1210,PHE_28_C_O,56.689,-4.549,45.669,4,6.33095995686473,5.26330389556726,6.3507099983007524,5.128285316215585,56.619572681999585,-4.550872197339329,44.76722494821941,-0.7935290000000002,2.3980693183107284,5.797117300866002,3.0548086128721335
3487,ILE_32_A_HG12,56.947,-4.532,44.705,1157,PHE_28_C_O,57.016,-4.653,45.022,4,6.341278350308337,5.481839528836522,6.217686689222055,5.509449718857051,56.95323289021967,-4.542930140819978,44.73363516231352,-0.8979429999999999,1.7182001418526425,0.3462527978226304,2.9274961197178375
2793,GLN_31_A_C,57.082,-5.209,49.671,1153,PHE_28_C_C,56.462,-5.197,43.866,4,5.6915914908337575,5.068330680931645,5.708806818505307,5.034048963994603,56.558937319645445,-5.198876206186679,44.77361474280935,0.03412199999999999,2.9157126942170626,5.8380278348086,2.1692749253196313
3383,ILE_32_A_CG1,57.063,-4.782,44.405,1597,PHE_28_C_HB3,56.812,-4.66,41.174,4,6.081091782052508,5.607932283598856,6.198558440126589,5.690940019449363,57.087488760052516,-4.793902903292451,44.72023180768795,0.19844099999999998,1.689213314331336,3.2430303729690864,2.292041744933865
5089,PHE_38_A_CE2,56.816,-4.838,40.651,1598,PHE_28_C_HB3,56.755,-4.976,41.429,4,6.017024451639789,5.733655370225765,5.889598243680886,5.58494955702127,56.49222215816775,-5.5704810192270555,44.78049444172938,-0.750971,2.4087660860907993,0.792495425854306,2.8552114987989072
3340,ILE_32_A_C,57.796,-4.977,49.671,1566,PHE_28_C_HB2,57.395,-4.915,44.588,4,5.869012187359348,5.7942877256023,5.924717251168158,5.908941831298434,57.40293111988622,-4.916226257937512,44.68853337252286,0.8154579999999999,2.8957519943318264,5.099169932449788,2.5702897652066516
3472,ILE_32_A_HG12,57.808,-4.635,45.143,1561,PHE_28_C_HB2,57.801,-4.594,44.865,4,6.176700690081361,6.28447261171454,6.216120663903959,6.308409298135814,57.79555750352878,-4.562122520668502,44.64885514014258,-0.777222,1.858928309650746,0.28109429023016314,2.2214407998026
5356,PHE_38_A_HE2,56.222,-5.831,37.394,1222,PHE_28_C_CB,56.998,-5.382,43.001,4,5.048414977809861,5.3944040928697845,5.477675252607846,5.6381974841655955,57.233926536132344,-5.245490960407952,44.70569083517275,0.07451600000000004,2.387230755104075,5.67822384201257,3.6832597869527675
4928,PHE_38_A_CD1,56.888,-5.812,42.925,1227,PHE_28_C_CB,57.193,-5.535,42.694,4,5.056675265418794,5.504045921186418,5.3081942221500364,5.850722439679941,54.12140169816936,-8.324615506908486,45.02035805810775,-0.652056,2.6439955512073707,0.4723505054511929,2.2738365200612254
3347,ILE_32_A_O,58.598,-4.985,50.153,1559,PHE_28_C_HB2,57.938,-4.96,44.653,4,5.803930769971377,6.541196295880642,5.839312672565798,6.4377473232436575,57.935829328646825,-4.959917777600252,44.63491107205687,0.75037,3.256455727489522,5.539514870455715,3.013157374252841
4918,PHE_38_A_CG,57.607,-5.335,41.561,1614,PHE_28_C_HB3,57.701,-5.295,40.965,4,5.468246549142728,6.389806871526606,5.496766457034817,6.545637888342921,57.1090212861226,-5.546905835692502,44.71839695181836,-0.790778,2.3592504731850426,0.6046916569624523,2.5500343230075946
4926,PHE_38_A_CG,57.794,-5.437,42.006,1568,PHE_28_C_HB2,58.04,-5.35,44.46,4,5.35560696621558,6.523139184560675,5.44135254804992,6.52864343794312,58.0563349130012,-5.344223018572738,44.62295071749983,-0.08358699999999997,2.633252632222468,2.4678332601697393,2.4446288196690573
3365,ILE_32_A_O,58.5,-5.805,50.049,1575,PHE_28_C_HB2,57.908,-5.74,43.749,4,4.992947566150118,6.392168306008264,5.057351890353724,6.439135010137923,57.990760684831955,-5.749086899517017,44.629730260880606,0.509634,2.445585771274641,6.328087309764299,1.9808074004186542
5177,PHE_38_A_HB2,58.281,-5.566,42.409,1610,PHE_28_C_HB3,58.042,-5.545,41.284,4,5.193092725286472,6.956250333606478,5.224023130398971,6.833116491591877,58.736814264033065,-5.606050625710012,44.5545692344653,-0.988376,2.4010443489199402,1.1502986568713356,2.208341190682276
5074,PHE_38_A_CE2,57.037,-6.483,37.562,1226,PHE_28_C_CB,57.7,-5.733,43.117,4,4.337958691310116,6.136735208749189,5.075511809945386,6.296444495167302,57.88184411288266,-5.527293989951749,44.640595847757325,-0.0007710000000000217,2.533181463775837,5.64447464340128,3.134711578523944
5062,PHE_38_A_CE2,56.833,-7.158,37.73,1228,PHE_28_C_CB,57.598,-5.748,42.694,4,3.681508954829232,5.866369126430997,5.0652279275373475,6.236369505825944,57.89772022407365,-5.195574488962279,44.63885123176682,0.270845,2.5852724326018395,5.2167634602308794,2.8181079237090993
5059,PHE_38_A_CE2,57.579,-7.325,37.752,1229,PHE_28_C_CB,58.043,-5.857,42.694,4,3.458820242471856,6.591614278156201,4.922941850248571,6.6695883726085015,58.2225344491566,-5.2889901479269685,44.60619665459461,-0.28415799999999997,2.7403664246156643,5.176261585352889,2.166126079085632
4949,PHE_38_A_CD2,59.273,-7.311,38.679,1231,PHE_28_C_CB,58.946,-5.748,42.694,4,3.3515105661837667,8.180692221348096,4.963446251877177,7.57372415004219,58.794964306449074,-5.026077097797884,44.54845966240657,0.50471,2.523594349949116,4.320893773283487,2.1021420752329383
6113,ARG_42_A_HH11,58.596,-8.115,37.659,1230,PHE_28_C_CB,58.501,-5.857,42.694,4,2.5936405393416075,7.54995737657173,4.888360242346228,7.12397147872945,58.46538437119276,-5.010472738455346,44.58162832678358,-0.739438,2.8206776419567414,5.5189504436985155,1.9526757017805838
4942,PHE_38_A_CD2,59.222,-8.385,39.328,1556,PHE_28_C_HB2,58.571,-5.807,43.187,4,2.2891016590745763,7.98380518943323,4.936460693270988,7.147960777956327,58.33350224394909,-4.866494293242326,44.59484000092235,0.148395,2.8610868451269384,4.6863382293641545,2.1952024028005974
6121,ARG_42_A_HH11,59.451,-8.728,37.185,1577,PHE_28_C_HB2,58.812,-5.74,43.749,4,1.9144549898301595,8.39906545217208,4.989094742878358,7.3359959881583094,58.73355658809791,-5.373194186598688,44.5547942969097,-0.40124399999999993,2.629497292902958,7.240342602391133,2.069700418253097
6096,ARG_42_A_HH11,59.555,-9.243,39.328,1233,PHE_28_C_CB,58.619,-5.791,42.271,4,1.4084295909574247,8.249102024920054,4.94223180004317,7.2883024111262245,57.86518732565109,-3.0109130856277444,44.641161004923966,-0.371733,2.7956057570377677,4.6318083941372175,2.113439349727448
5392,GLU_39_A_CA,60.378,-9.653,39.328,1555,PHE_28_C_HB2,59.037,-5.64,43.272,4,0.9374693423375895,9.034506984526107,5.068402621393047,7.61445512207236,58.59629716043511,-4.321177855947864,44.56814615901859,-0.778841,2.4324134234402823,5.784253279378418,2.465032061688601
5866,ILE_41_A_HD12,60.332,-13.139,46.797,7983,LEU_48_C_HD12,57.207,-16.45,47.525,4,-2.481538713123362,7.97833770258193,-5.541834167797442,4.554173402944819,78.53454013039836,6.146955318959684,42.5565362512224,-0.76125,1.8296021905232982,4.610675655476104,1.6978328014160669
5863,ILE_41_A_HD12,60.585,-13.712,45.867,7982,LEU_48_C_HD12,57.463,-16.834,47.525,4,-3.0786499955335596,8.278787392633525,-5.944057576584877,4.779027967225759,64.06174455342943,-10.235255446570571,44.02060587136899,-0.704508,2.0666923789266134,4.716220096645194,1.4751028090834857
5443,LYS_40_A_C,59.876,-14.276,45.424,7978,LEU_48_C_HD12,57.463,-16.834,47.941,4,-3.590663816767526,7.576866062299575,-5.941079028147718,4.737470109459456,60.91665963833282,-13.172805903499656,44.33848806063668,0.14499999999999996,1.8863925183080432,4.324490952701832,1.6799059642708731
6763,TYR_44_A_HB3,58.522,-14.713,46.209,7979,LEU_48_C_HD12,57.207,-16.45,47.941,4,-3.9185498220657595,6.121994871977582,-5.538855619360284,4.512615545178516,59.8616081243003,-12.943494819840595,44.44458838685315,0.640146,1.7560902491025274,2.783202831271913,2.5525417881510086
6779,TYR_44_A_HD2,58.101,-14.986,46.789,7976,LEU_48_C_HD12,57.019,-16.473,48.333,4,-4.154822809323566,5.62567315013911,-5.5447875920425185,4.28519552777144,59.73504532122269,-12.74032033950265,44.45723846953066,0.8033190000000001,1.8123078131293946,2.4012140679248044,2.7992157642194924
6793,TYR_44_A_HD2,58.012,-15.326,47.375,7986,LEU_48_C_HD12,57.019,-16.473,47.133,4,-4.482927744701449,5.453048692533287,-5.553379558688167,4.405073963635775,50.05790863695577,-24.513656388128613,45.43654067486739,0.45320099999999996,1.7806088091220218,1.5363014027201822,2.62328761433176
6732,TYR_44_A_HB2,58.908,-16.938,46.133,7977,LEU_48_C_HD12,57.553,-17.286,47.941,4,-6.16683043097097,6.343787887103647,-6.398572628886032,4.792478266819666,60.19750176653342,-16.60682168652869,44.412395428861686,0.946878,1.5629020710490586,2.2860430879578826,2.18816616601163
6757,TYR_44_A_HB2,58.626,-17.261,46.608,7981,LEU_48_C_HD12,57.553,-17.286,47.525,4,-6.464206490007081,5.9920656678001185,-6.40155117732319,4.834036124585969,61.327966249321776,-17.198046452718504,44.29886388571475,0.6813,1.5360356090831504,1.4116809129544834,2.53509733644742
6727,TYR_44_A_HB2,58.136,-17.955,46.078,8065,LEU_48_C_HD22,57.692,-18.221,46.69,4,-7.123004532193315,5.506246440402821,-7.350331931725868,4.98444049666373,59.27694007992273,-17.271463825992246,44.50535286280924,-0.4475999999999999,1.69582868838185,0.80152105399671,2.2261803056023752
6741,TYR_44_A_HB2,56.865,-17.261,46.805,7965,LEU_48_C_HD12,57.107,-17.165,48.711,4,-6.329830448155188,4.225292502572526,-6.2387324313337915,4.282255418519597,56.6071462323464,-17.36328909791218,44.77413520186872,-0.17575600000000008,1.6426480220605404,1.9236985210786002,2.8406156438162258
6464,TYR_44_A_CB,56.559,-17.424,46.311,7957,LEU_48_C_HD12,56.566,-17.655,46.44,4,-6.4727932373093156,3.9586965541939003,-6.702732783209442,3.935234576950249,56.47625519203068,-14.693421337014396,44.786131395995085,-0.9262569999999999,1.87433258814001,0.26467149449836913,3.0287943622050806
7544,ALA_47_A_HB1,56.769,-18.796,45.215,8100,LEU_48_C_HD23,57.173,-18.862,48.731,4,-7.864544942042986,4.172470336349008,-7.935684678036146,4.217030424147582,56.71714322135461,-18.78752834804309,44.76369199574953,0.419863,1.792491067348688,3.539749708665853,2.3795284357004736
7548,ALA_47_A_HB1,55.804,-19.184,45.093,8114,LEU_48_C_HD23,56.405,-19.241,49.414,4,-8.179437893588428,3.1978515870107027,-8.250714396717655,3.3581200741471506,55.77146146246753,-19.180913982297266,44.85905820186721,0.9419139999999999,1.6994584422890644,4.362968141070936,2.5112616264754974
6428,TYR_44_A_O,54.854,-19.155,44.841,7921,LEU_48_C_HD11,55.253,-19.088,49.627,4,-8.080595326914583,2.2827278004007208,-8.009647454383895,2.2055431669434524,54.8631270733317,-19.15346738367614,44.950479130239394,0.7818519999999999,1.6513301662464865,4.803070476268281,2.512806325514896
6414,TYR_44_A_O,54.551,-19.832,44.405,7922,LEU_48_C_HD11,55.092,-19.808,49.462,4,-8.735888862218848,1.9743306621933665,-8.716598591349651,2.0076908319025875,54.61209084831924,-19.829289869945182,44.976046986969315,0.653957,1.6354547395443728,5.085912504162849,2.972228479705216
6438,TYR_44_A_O,53.641,-18.188,43.975,7892,LEU_48_C_HG,53.803,-18.269,45.827,4,-7.030992740500115,1.2391596288170437,-7.110731087231967,1.208724610446349,53.7362151322017,-18.23560756610086,45.06350879529351,0.2401999999999999,1.9243886175968195,1.8608355650083614,1.6345847157810791
7821,LEU_48_A_HB2,53.142,-18.202,43.759,7849,LEU_48_C_HB2,53.194,-18.097,46.455,4,-7.008821628435834,0.7646166202675339,-6.888747074713038,0.5548426123571044,53.16826309854696,-18.14896874331866,45.120640647742015,-0.24420699999999995,1.9149076800214888,2.698544978317017,2.147359768159428
7638,LEU_48_A_CA,52.926,-19.789,44.229,7675,LEU_48_C_CA,53.227,-19.798,45.787,4,-8.5715761188329,0.38300695364605153,-8.592122173043844,0.5253051545446297,53.099734848201344,-19.79419472968045,45.12826542690262,-0.547868,1.7647678711631798,1.5868352151373488,1.4812132158256235
7653,LEU_48_A_CB,52.529,-19.513,44.238,7685,LEU_48_C_CB,52.757,-19.585,46.079,4,-8.266330891171677,0.009175739868349714,-8.34215729643024,0.04600098363846264,52.64491216522407,-19.54960384164972,45.173939895515375,-0.798516,2.0090530357107603,1.856461418936575,1.7770570682119662
7648,LEU_48_A_CA,52.637,-20.488,44.754,7683,LEU_48_C_CA,52.834,-20.514,45.569,5,-9.242982633180814,-0.009171941105261823,-9.277946988845708,0.10288296136544767,52.73638293033936,-20.501116528877283,45.165152732114606,-0.838381,1.6697024463710113,0.8388742456411503,1.3698123166977065
7842,LEU_48_A_HB3,51.626,-20.711,39.91,7666,LEU_48_C_N,51.936,-20.722,45.883,5,-9.423686966936565,-0.5451916583921608,-9.415295534439343,-0.8351689633917391,51.90310190288938,-20.720832648167054,45.24912795470409,0.9242250000000001,2.1544023814529725,5.981049239054973,3.056195374238322
8096,GLU_49_A_CA,50.869,-21.131,40.094,7427,ALA_47_C_C,51.619,-21.036,45.689,5,-9.78400198062017,-1.346448996184535,-9.70584483860776,-1.1540999662532134,51.5646222009613,-21.04288785454492,45.283341619171324,0.472397,1.950099732966354,5.645843603926696,2.7677469482838335
8109,GLU_49_A_HA,50.532,-21.091,40.564,7667,LEU_48_C_N,51.173,-20.918,45.622,5,-9.715306588196489,-1.72470631901693,-9.55498889678379,-1.580935134958049,51.135548958453015,-20.92810769140037,45.32648148495371,0.6053050000000001,1.9280867311361176,5.101389418580001,2.8190244533587925
8118,GLU_49_A_HA,49.811,-21.934,39.388,7624,ALA_47_C_HB2,50.207,-22.158,43.965,5,-10.509858987069864,-2.386467375071613,-10.730342853962034,-2.467819843258143,50.33184399460746,-22.22861882523252,45.40795697807666,0.25055999999999995,1.8994572810502777,4.59955660906571,1.5800142305887321
8068,LEU_48_A_HD23,49.795,-20.314,41.057,7584,ALA_47_C_HB1,50.06,-20.674,44.775,5,-8.881367046171173,-2.4462060583726197,-9.233718357605037,-2.5820256868507596,50.10668241483931,-20.737417620159075,45.429963088198306,0.746,1.9127675853384387,3.7447762282945525,2.509637024122694
8017,LEU_48_A_HD21,49.439,-21.846,44.643,7528,ALA_47_C_CB,49.249,-21.723,44.081,5,-10.356398684465896,-3.2738230900035377,-10.223430788253845,-3.39685085815523,49.718459322455146,-22.026913140326243,45.46961125905155,-0.994033,2.2521549017155977,0.6058654966244543,2.14977540444627
8059,LEU_48_A_HD23,48.652,-21.106,40.896,7514,ALA_47_C_CB,49.007,-20.995,44.448,5,-9.58593556746254,-3.6241636947432636,-9.476627584861957,-3.618388763970191,49.11512629314844,-20.96119149707191,45.52987209369937,0.782,1.9006095980037578,3.5714212857068537,2.431825587567664
7755,LEU_48_A_CD2,48.896,-20.059,44.928,7577,ALA_47_C_HB1,48.792,-20.149,45.061,5,-8.531505660362715,-3.705474375781176,-8.612441561660017,-3.828765481613426,48.36659868948525,-20.517135749483934,45.60502282979292,-0.873644,1.50368239622874,0.19132433196015744,2.1328722800329305
8091,LEU_48_A_HD23,48.082,-20.418,41.128,7497,ALA_47_C_CB,48.227,-20.284,45.032,5,-8.855217879222657,-4.1606587375132795,-8.704599638363788,-4.396645354582423,48.24871942247303,-20.263928257852513,45.61677672644644,0.837597,1.5893974614528905,3.908989255549313,2.361768784158966
7722,LEU_48_A_CD2,47.342,-21.816,43.0,7536,ALA_47_C_H,47.862,-21.853,47.581,5,-10.179913488320409,-5.187853917573356,-10.2232700441673,-5.132402559735099,47.6460020858326,-21.837630917645793,45.678141452306015,0.5654659999999999,1.929359059364486,4.610567210224793,2.607343518174313
8023,LEU_48_A_HD22,47.177,-21.259,44.328,7628,ALA_47_C_HB3,47.463,-21.239,46.257,5,-9.602550952683384,-5.4419717281362985,-9.590391601529726,-5.349418035374638,47.3810912482778,-21.24472788473583,45.704545517230315,0.31320800000000004,1.910503678853406,1.950188965203111,2.3418730869208773
8024,LEU_48_A_HD22,46.795,-21.083,43.698,7626,ALA_47_C_HB3,47.289,-21.133,46.801,5,-9.402725499103685,-5.744670446044023,-9.467663901458307,-5.568349449666742,47.11864034909793,-21.115757120354054,45.73090688917179,0.8374159999999999,1.7748146823179658,3.1424743435706852,2.1879420950229043
8056,LEU_48_A_HD22,47.133,-19.661,43.424,6757,TYR_44_C_HA,47.304,-19.778,44.968,5,-8.012304093447165,-5.274118494136074,-8.130823570780239,-5.267586141343805,47.385455688073066,-19.83373283920789,45.703482937922885,-0.023678000000000032,1.5602279397932346,1.557840171519534,2.646152568463842
1233,PHE_28_A_CD1,42.549,-6.807,47.382,5166,PHE_38_C_HB2,42.567,-6.831,46.904,5,5.179129343388193,-9.242429285551683,5.150416902236908,-9.178640092627914,42.59426218039242,-6.867349573856555,46.180037654023536,-0.7863299999999999,2.065076308127222,0.47894049734804706,2.23798613376407
1218,PHE_28_A_CG,43.175,-6.867,47.946,5229,PHE_38_C_HD2,43.303,-6.803,49.806,5,5.076073823340199,-8.682266353588643,5.143542301310768,-8.736234803185937,43.050314153242894,-6.929342923378546,46.13415878931085,-0.69914,2.0878650391953286,1.8654972527452294,2.6064250113017278
1205,PHE_28_A_CG,43.803,-6.852,48.579,5154,PHE_38_C_HB2,43.558,-6.881,46.505,5,5.04814530480941,-8.12132399048071,5.022877947248767,-8.159398743579022,43.50873950833126,-6.886830833707721,46.08799485828186,-0.98575,1.8978398200011801,2.08862203378208,1.9941009155699982
1191,PHE_28_A_CB,44.175,-6.821,48.711,5159,PHE_38_C_HB2,43.964,-6.768,46.821,5,5.051913012525172,-7.763097220217541,5.107159708723933,-7.779602699036946,43.87801046315951,-6.7464007324523845,46.05076196858521,-0.9504940000000001,1.5700504808417535,1.9024799604726461,1.90220750123279
1265,PHE_28_A_CD2,43.044,-5.725,51.417,3859,ARG_33_C_HB3,41.857,-5.833,39.304,5,6.249527989433916,-9.072367336977717,6.144735581281214,-9.048111569826503,42.53138250549128,-5.771640850384949,46.1858831415467,-0.7437050000000001,1.8354669160771424,12.171499578934387,3.614950775103706
1649,PHE_28_A_HD2,43.169,-5.245,51.584,3841,ARG_33_C_HB3,41.991,-5.249,39.099,5,6.7199029318974794,-8.928632855605697,6.715467907925947,-8.850398161105547,42.658441637302516,-5.24673364469506,46.17286149551945,-0.743396,1.7557182538910363,12.540451546894161,3.746021042563775
1538,PHE_28_A_HB2,44.289,-5.935,46.013,3754,ARG_33_C_H,44.285,-5.945,45.128,5,5.907435780967588,-7.3132737897301725,5.8914300316997545,-7.229590286087867,44.28898207967797,-5.935044800805067,46.0090351287509,-0.847996,1.636031009250347,0.8850655342967528,1.774237166730892
1643,PHE_28_A_HD2,44.823,-5.432,50.643,3693,ARG_33_C_CZ,43.531,-5.425,38.618,5,6.40181760276895,-7.207872732472736,6.4202521314475325,-7.28785688895108,44.324703376641345,-5.4293002504926315,46.00521602485463,-0.68579,1.0403302693637873,12.094210929200797,3.6277915087748958
1524,PHE_28_A_HB2,44.594,-5.07,45.762,3699,ARG_33_C_CZ,43.847,-5.155,38.369,5,6.7451179008694035,-6.9200035309581205,6.663831808393703,-6.9289999645302,44.61560010479703,-5.0675421567499965,45.975774531143855,0.6125320000000001,0.7210246070831864,7.4311293219806105,3.2396087052435143
905,TYR_27_A_HB2,43.267,-3.681,44.067,3793,ARG_33_C_HA,43.358,-3.599,43.287,5,8.218177017793796,-7.961849603103483,8.287485033783597,-7.787428122794728,43.02569858935863,-3.89843643596256,46.13529780549763,-0.46258699999999997,1.5369999254755349,0.7895600040528906,1.5883846518724865
893,TYR_27_A_HB2,43.782,-3.613,44.39,3795,ARG_33_C_HA,43.733,-3.715,42.952,5,8.249408393522435,-7.478026579894012,8.141105926743762,-7.390721294272509,43.838676614744585,-3.4950201080826764,46.05328514291274,-0.5675530000000001,1.233184691931084,1.4424454929043269,1.6239534327614322
1475,PHE_28_A_HA,45.354,-4.207,49.68,3746,ARG_33_C_H,44.558,-4.196,43.287,5,7.576300614744012,-6.491955826832602,7.601597761258228,-6.642183055251643,44.8893043981784,-4.200578327110496,45.94784047431473,0.303571,1.427842266789654,6.442374251780162,1.9793710253924297
1153,PHE_28_A_O,45.055,-3.757,44.576,3749,ARG_33_C_H,44.97,-3.845,42.952,5,8.011036168089849,-6.244582219287894,7.918079826769407,-6.173349674811296,45.12554540615514,-3.6839647559805506,45.92383223054055,-0.6733750000000001,1.557667800189868,1.6286021613641584,1.7674505011933106
1500,PHE_28_A_HA,45.288,-2.658,49.465,3924,ARG_33_C_HG3,44.391,-2.909,41.831,5,9.12428295654847,-6.418475371359545,8.887075300612354,-6.564801608078826,44.87482860485252,-2.7736142922876366,45.9486673014985,0.990228,1.5126824397059397,7.690615450014388,1.7929510163713263
1464,PHE_28_A_H,45.296,-2.693,44.771,2931,GLN_31_C_CG,45.013,-2.811,42.092,5,9.055170813215819,-5.944268576824177,8.939697238723857,-5.966354566339827,45.41465828895617,-2.643524105664908,45.89427051630238,-0.6431500000000001,1.282035821894282,2.696489198939987,1.6127848550017096
1459,PHE_28_A_H,45.728,-2.129,45.53,4044,ARG_33_C_HE,45.175,-2.205,40.611,5,9.590362262934923,-5.548727724547683,9.52111591401514,-5.611722991885248,45.76496178338273,-2.1239202612349124,45.85877940770277,0.22899200000000003,1.4710182564650132,4.950570270181006,2.1812381472448794
1489,PHE_28_A_HA,46.539,-2.334,48.302,3223,GLN_31_C_HG3,46.099,-2.289,43.431,5,9.34456505677954,-5.036599342300181,9.387781722472758,-4.98310510487412,46.313323973065835,-2.310919497245358,45.80366380182653,-0.20530599999999996,1.8275942762970792,4.891039357846145,2.3689842294333023
1487,PHE_28_A_HA,46.989,-2.536,48.375,4101,ARG_33_C_HH21,46.053,-2.529,39.682,5,9.109692000210268,-4.6127659781314225,9.125103529171804,-4.672423976288287,46.707871286948375,-2.533897541675885,45.764047112652,0.5469920000000001,1.7832273998223231,8.7432484809709,1.8476986975613399
2046,THR_29_A_HB,47.222,-2.862,44.733,3241,GLN_31_C_HG3,47.146,-2.977,44.195,5,8.740961544147835,-4.042499824470738,8.62817915045833,-4.072876103566492,47.35840698451854,-2.6555946944785105,45.69861786409179,-0.49265200000000003,1.6561527472084334,0.5553782494840759,2.172111867903713
2179,THR_29_A_HG23,47.343,-1.74,46.904,3015,GLN_31_C_OE1,47.241,-1.777,44.083,5,9.866137918173518,-4.054239446489346,9.816747789803758,-3.8764259105761663,47.29961613066217,-1.7557372859362603,45.704138280372305,0.5999099999999999,2.134687745681501,2.8230859002162916,2.349684761230787
2180,THR_29_A_HG23,47.722,-1.465,46.904,3026,GLN_31_C_OE1,47.312,-1.282,44.288,5,10.111729167791292,-3.6573756021471606,10.306428913657696,-3.788923486569278,47.5302831674246,-1.379428828387068,45.68075308776283,0.683276,2.0130183367917915,2.6542503649806735,2.093847432136086
374,GLU_26_A_HB3,47.735,-0.714,46.47,3077,GLN_31_C_NE2,47.064,-0.736,40.4,5,10.856477033728327,-3.544164032594522,10.841743690578673,-3.6051485071478626,47.646429015539354,-0.7169039667036144,45.668769186771826,0.597931,1.4847627497237859,6.107014409676794,2.029682442380095
2212,THR_29_A_HG23,48.71,-1.713,48.316,3254,GLN_31_C_HE21,47.795,-1.719,39.524,5,9.799953746014696,-2.837044042841487,9.800108262515618,-2.866963870972507,48.42637297296101,-1.714859849357622,45.59070074128216,-0.021604000000000012,1.8508873810402136,8.839486693241867,3.2747223452201037
1932,THR_29_A_CG2,48.902,-1.539,45.55,2962,GLN_31_C_CD,48.798,-1.463,43.548,5,9.939150991217424,-2.357043794261913,10.008450413538645,-2.254461221704447,48.90162514278542,-1.5387260658816415,45.542783998619306,-0.52823,1.544598810889404,2.0061395764004013,2.8317966305846403
2194,THR_29_A_HG23,49.139,-0.426,47.161,2993,GLN_31_C_CD,48.764,-0.374,42.878,5,11.042585043312926,-2.198438803662992,11.092083740195536,-2.1386674124636142,48.99643695939532,-0.40623125836947116,45.532739992240394,0.805911,1.8632432903363427,4.299699756959782,1.68024731067365
1936,THR_29_A_CG2,50.285,-2.2,48.549,3290,GLN_31_C_HE21,49.395,-2.187,39.377,5,9.197103274795976,-1.334694056768089,9.211594633128266,-1.3004087892530323,49.982761628898416,-2.195585282219856,45.43424680927675,-0.753963,1.30681691233802,9.215088333814274,1.7697650827619777
1930,THR_29_A_CG2,50.129,-0.436,46.777,3311,GLN_31_C_HE22,49.53,-0.455,40.238,5,10.95511378017439,-1.1786543123123345,10.934577359077748,-1.12112736343283,50.005715446119446,-0.43991052842023753,45.4311607715777,0.41207900000000003,1.8246375179187277,6.566405637789979,2.0469627855230055
2147,THR_29_A_HG22,50.336,-0.286,46.041,3339,GLN_31_C_HE22,49.864,-0.27,40.919,5,11.083782311597574,-0.8883871103208285,11.098701536213913,-0.8437650423785206,50.27727705195364,-0.28400939159163446,45.403756483276624,0.695334,1.7283820733673307,5.143726664588622,2.369035270066443
2166,THR_29_A_HG22,50.879,-1.734,44.988,2199,THR_29_C_HG22,50.9,-1.581,45.034,5,9.591413995042489,-0.3543028011141845,9.742717042827131,-0.3264599808408632,51.03408826345572,-0.604071223394036,45.32771714852205,-0.7661720000000001,1.4622504374951024,0.16113969095167083,2.2195505259716812
1907,THR_29_A_CG2,51.454,-1.245,47.513,2196,THR_29_C_HG22,51.29,-1.164,45.353,5,10.053668666594088,0.0009994253514495899,10.131352753275111,0.06021903655706987,51.28617248389654,-1.1621095804610861,45.30258881229598,-0.026380000000000042,1.790756721520986,2.1677308412254472,2.3297222028127575
2123,THR_29_A_HG22,51.762,-1.349,46.968,1969,THR_29_C_CG2,51.157,-1.38,42.464,5,9.922810282868358,0.35312420676039125,9.905332003401226,0.20049457336197063,51.534941695161514,-1.3606343924793147,45.277635363648706,0.336311,1.6655693149968187,4.544557404192409,2.7098323563914772
3042,GLN_31_A_NE2,52.312,-1.028,48.523,2194,THR_29_C_HG22,52.049,-0.818,45.353,5,10.212491320129944,0.7677839500603671,10.419047335297172,0.8394668275237105,52.03852161230813,-0.8096332265578108,45.22670156280143,0.44996600000000003,2.098662048980577,3.187815709855262,2.6099400933818653
3299,GLN_31_A_HE22,52.6,-0.334,49.935,2172,THR_29_C_HG22,52.072,-0.535,45.07,5,10.892856608010936,0.9650877510353089,10.697469297198628,0.9120201328728287,52.08844797536403,-0.5287385548329967,45.22155189421594,0.22911399999999998,1.8825236971505261,4.897694355510562,1.9526400645144568
3302,GLN_31_A_HE22,52.676,-0.083,48.605,2164,THR_29_C_HG22,52.101,-0.074,43.934,5,11.127872447968297,1.1923894623395639,11.146818068892108,1.0892397224212393,52.257379740122886,-0.07644768288886485,45.204347419328684,0.927449,1.9110142347165118,4.70626677951856,3.0636201519538533
3284,GLN_31_A_HE22,53.011,-0.422,48.23,1951,THR_29_C_CG2,52.469,-0.534,43.135,5,10.761869484663395,1.5364951044218151,10.65463611008519,1.4992647860057249,52.684579607183096,-0.4894521844935181,45.16152785719162,0.664559,2.00565449828795,5.124971512115945,3.6433948310328117
2932,GLN_31_A_CD,53.378,-0.658,47.427,2246,THR_29_C_HG23,52.864,-0.756,42.545,5,10.49308919646736,1.9629165233111783,10.399226411834029,1.9332484663400098,53.1347198229322,-0.7043841582736168,45.116311625593355,0.778069,1.773563397502818,4.909961710645001,3.2807455328890684
3054,GLN_31_A_NE2,54.273,-0.929,50.901,2066,THR_29_C_HB,53.757,-0.965,44.554,5,10.180165914649944,2.483247012885532,10.137786201312203,2.602648615344715,53.797301973883464,-0.9621882343802094,45.04972989968675,0.8210870000000001,1.919322579706585,6.368042163805137,2.2961620936860263
2984,GLN_31_A_OE1,54.593,-0.55,46.627,2071,THR_29_C_HB,54.318,-0.678,44.293,5,10.50331072410559,3.2564315046069634,10.379732097828269,3.207058856194185,54.39999574876049,-0.6398347060314692,44.98892028220721,-0.7029160000000001,1.5368861172029546,2.3536280504786684,1.7921346745338254
2923,GLN_31_A_CD,54.775,-1.573,46.62,2236,THR_29_C_HG23,54.427,-1.663,42.544,5,9.469465151382346,3.3601059822412904,9.376816316438251,3.4152153943658368,54.63376945216945,-1.609525141680301,44.96581691678934,0.555658,2.0560378864730846,4.091818666558918,2.5406885199614537
3217,GLN_31_A_HG3,55.368,-1.358,46.551,2223,THR_29_C_HG23,55.073,-1.363,43.539,5,9.638576964519832,3.9716222585264656,9.634299709680125,3.979467575566935,55.20708174415459,-1.3607274280651667,44.90799733353774,0.68964,1.422855388758205,3.0264160322070732,2.477184847398624
3215,GLN_31_A_HG3,55.676,-1.756,46.423,1527,PHE_28_C_HA,55.211,-1.857,42.416,5,9.21755110789613,4.2597914002988215,9.123262160937603,4.191097494160934,55.49682627432201,-1.794917303856928,44.87902340044794,0.8582839999999999,1.8792593010784053,4.035154891698712,2.594629956439224
2898,GLN_31_A_CG,56.417,-1.189,47.017,1140,PHE_28_C_CA,55.951,-1.327,43.204,5,9.73122126171442,4.978602848130672,9.601503427478223,4.886730295827864,56.14767527531132,-1.2687571073112278,44.81327644798729,-0.05342100000000005,1.8473799018103887,3.8438482019975786,3.0734118396466075
4056,ARG_33_A_HE,56.942,-1.331,50.427,1468,PHE_28_C_H,56.519,-1.349,45.083,5,9.574405285192656,5.148032564187265,9.550133148381601,5.260866515740717,56.49488662601124,-1.350026101020787,44.77836200804739,0.784051,2.0684106845530437,5.36074519073608,1.9628964765811014
4055,ARG_33_A_HE,57.381,-1.332,50.81,1492,PHE_28_C_H,56.79,-1.208,45.38,5,9.543003435168492,5.545228672204077,9.672391489690414,5.510750358446637,56.72202188589092,-1.1937372484779485,44.755429509962255,0.7220960000000001,1.9710307272730339,5.463474810045343,1.8799630344275227
2889,GLN_31_A_CG,57.542,-1.169,48.643,1514,PHE_28_C_HA,56.798,-1.071,41.929,5,9.677861863931831,5.933800138601956,9.783683774069651,5.873828093253896,57.106908548393044,-1.1116895668582107,44.71665052945011,0.36955499999999997,1.8551118647521934,6.755807575708472,1.924523521817553
3205,GLN_31_A_HG3,57.42,-2.915,47.13,1169,PHE_28_C_O,57.13,-2.874,46.182,5,7.935269586781102,5.831488196047357,7.991260490659653,5.641591902102282,56.694663031754466,-2.812452359661828,44.75889846242493,-0.33193700000000004,1.74424000094178,0.9922121748900283,1.3692458817855124
3807,ARG_33_A_HA,58.684,-2.414,47.848,916,TYR_27_C_HB2,58.43,-2.493,45.823,5,8.344528201288787,7.051776349750933,8.27043525039763,6.9960854778530255,58.2765396649871,-2.5407297892362855,44.599546541727825,-0.9998509999999999,2.055551688020483,2.0423961417903223,1.7700992776427207
4107,ARG_33_A_HH21,58.477,-3.911,51.247,1586,PHE_28_C_HB3,57.358,-3.861,40.969,5,6.89180648802028,6.393318209194254,6.952563148624828,6.313706078218852,57.75900577431941,-3.878918041747955,44.65223266171131,-0.23360400000000003,2.913546693621015,10.33885607792274,2.967523734210132
3707,ARG_33_A_CZ,59.01,-4.044,51.836,1657,PHE_28_C_HD2,57.933,-4.243,40.406,5,6.723162261334949,6.8531815593033505,6.5242165983937,6.91143610466137,58.327722308089584,-4.17006616591473,44.59511418891731,-0.023125999999999994,2.6646685807556274,11.482352981858728,3.7018390574197837
3699,ARG_33_A_CZ,59.52,-3.918,52.035,1665,PHE_28_C_HD2,58.369,-4.102,39.583,5,6.811716269510769,7.348830408749229,6.625997331305105,7.436903458053093,58.82763728713667,-4.0286817890241915,44.544730234079715,-0.45157200000000003,2.4925754316314332,12.50643678271313,4.211784093196555
4974,PHE_38_A_CD2,57.999,-4.595,40.375,1658,PHE_28_C_HD2,58.17,-4.62,40.419,5,6.168025141606747,6.953314967176399,6.130500715083191,7.116672933683384,69.88311820195541,-6.332444181572454,43.43290175956727,-0.698365,1.78581133992394,0.17833115263464075,2.889533380444699
3959,ARG_33_A_HD2,60.586,-3.517,51.447,1629,PHE_28_C_HD1,60.193,-3.377,45.544,5,7.126862121321804,8.495565581492244,7.2538672961861055,8.705989206100321,60.11780617661663,-3.3502133962501923,44.414561986178136,0.773457,2.096731088137674,5.917724055749818,2.791446457095338
5206,PHE_38_A_HB2,59.501,-4.343,45.421,1673,PHE_28_C_HD2,58.8,-4.234,39.264,5,6.34201896420489,7.958477099050916,6.4595505503214214,7.886356176890082,59.39474860674488,-4.3264787419902815,44.48777627921296,0.6161749999999999,1.2708975503994937,6.19773595758967,2.20997888371976
3769,ARG_33_A_H,60.256,-4.111,45.596,1677,PHE_28_C_HD2,59.51,-4.006,39.055,5,6.5175969224078,8.707628088748184,6.631788356775425,8.628920265173088,60.12125496209178,-4.092034545602723,44.41454250273776,0.94,1.3928986172248832,6.584240426958903,3.651817212855414
3770,ARG_33_A_H,60.65,-4.111,45.539,1322,PHE_28_C_CD2,60.119,-4.208,39.255,5,6.487439560512823,9.104210838057968,6.385819211312674,9.197810848314546,60.55132625847007,-4.129025146757813,44.371267812101536,0.8465750000000001,1.2923356310948002,6.3071408736447285,4.322455266219284
5294,PHE_38_A_HD2,59.392,-4.955,39.582,1312,PHE_28_C_CD2,59.429,-5.005,40.143,5,5.698204772601458,8.38723037567351,5.6495718231106995,8.364102855420919,59.713468885362346,-5.3894174126518175,44.45616336995348,-0.96196,1.2801121214621842,0.5644377733639022,2.6608681364211937
5172,PHE_38_A_HB2,59.359,-5.513,43.412,1215,PHE_28_C_CB,59.229,-5.556,42.2,5,5.171726381365766,7.929558501617962,5.129988089722591,7.918401096085909,59.47359170517892,-5.475096589825428,44.48034728212959,-0.949559,1.8873874691175145,1.2197102114846752,1.7061398889774264
3465,ILE_32_A_HB,59.678,-5.575,44.212,1239,PHE_28_C_CG,59.595,-5.481,42.351,5,5.091546623521207,8.161418079413968,5.178218136304571,8.272114272165858,59.6890033449169,-5.587461619544429,44.4587135528957,-0.981837,1.6708914906084078,1.8652200942516182,1.6431325301305946
4913,PHE_38_A_CB,60.114,-5.234,41.34,1256,PHE_28_C_CD1,60.331,-5.201,43.134,5,5.378080506247298,8.906746490053386,5.407445709682943,8.945317370896715,60.48156382889323,-5.178103196527753,44.37875349785455,-0.9548119999999999,0.9329754578697111,1.807377658376907,2.4968692734988576
5195,PHE_38_A_HB2,60.742,-5.189,42.412,1273,PHE_28_C_CD1,60.809,-5.156,43.294,5,5.3832088054436955,9.426108619575682,5.4173699683451355,9.406971683907033,60.88828982031131,-5.1169468049212865,44.33778539573996,-0.923877,0.7914576026470688,0.8851564833406557,2.58187631382206
4199,GLY_34_A_O,61.263,-5.172,44.365,1310,PHE_28_C_CD2,60.791,-5.068,40.544,5,5.374804798821503,9.749181384371147,5.486785677735506,9.670509444421313,61.255080351703334,-5.170254992748186,44.30088776241198,-0.828705,1.2762028075453673,3.8514466113396977,4.2419665456935185
5197,PHE_38_A_HB2,61.35,-5.187,41.947,1271,PHE_28_C_CD1,61.369,-4.946,43.717,5,5.335966195678297,10.07591173364303,5.587510577391411,9.936219191678445,61.375136564729594,-4.86816252106142,44.288669451125614,-0.9544649999999999,0.8906234730420882,1.786432758320331,3.1967243912740044
5231,PHE_38_A_HB3,61.25,-5.98,40.659,1274,PHE_28_C_CD1,61.254,-5.047,43.294,5,4.543578827091269,10.045227359567804,5.492455977876083,9.856724355219772,61.25552809231269,-4.690572468065729,44.30063081098262,-0.8172900000000001,0.5454116444628312,2.7953049923040583,2.35700627660524
5255,PHE_38_A_HB3,61.824,-6.526,40.43,1306,PHE_28_C_CD2,61.081,-4.956,40.967,5,3.954171588323677,10.596160843541957,5.5795950970890145,9.924456554484186,55.701843348886605,6.410454834788838,44.854761940306744,-0.328166,0.5408697365852884,1.8180533545526076,2.6143436659324744
5247,PHE_38_A_HB3,61.19,-7.779,40.13,1243,PHE_28_C_CG,60.331,-5.344,42.301,5,2.7505032673466934,9.902105789993104,5.258893340839996,9.017687416099196,59.468962858340944,-2.9003906403494466,44.479675942423555,0.23615000000000003,1.0420996883015632,3.373476989694755,2.6277294421188113
5249,PHE_38_A_HB3,61.631,-8.386,40.13,1246,PHE_28_C_CG,60.446,-5.243,41.878,5,2.1119536200076476,10.29358636162524,5.347890603870142,9.18169654984222,58.62546262696719,-0.41435108570286805,44.563484665030664,-0.05862399999999998,0.7545122154261463,3.7865786668178427,2.2777213617531866
5433,GLU_39_A_HB2,62.579,-9.266,38.936,1305,PHE_28_C_CD2,60.676,-5.169,40.967,5,1.1543599105856397,11.286636945568418,5.397788414705361,9.50650031067829,57.17006566598992,2.378983692296035,44.708751251904616,-0.592745,0.3987612116592063,4.95295659177425,1.7235903054904673
5500,LYS_40_A_HD2,61.768,-14.338,47.796,8079,LEU_48_C_HD22,58.021,-18.515,46.946,5,-3.7783585551411867,9.21226267498286,-7.666493533510962,5.262970385411998,50.967127956043576,-26.378363631600227,45.34584221047158,-0.515736,1.9024048077293045,5.675371177288761,1.6263695853750486
5505,LYS_40_A_HD3,61.168,-15.298,45.793,8071,LEU_48_C_HD22,58.006,-18.888,47.529,5,-4.704631440739502,8.744288638659436,-8.033112319091847,5.161558411306935,64.47010295156575,-11.548933081555651,43.9800807324737,-0.44250000000000006,1.6636467277923739,5.089208189885733,1.19418902331253
5503,LYS_40_A_HD3,61.184,-15.622,45.408,8077,LEU_48_C_HD22,58.121,-18.9,47.338,5,-5.0316628923807265,8.774050105086124,-8.05512846457731,5.29382077262425,63.25471099534466,-13.405940371289653,44.103242500484754,-0.5800960000000002,1.583138028625626,4.8838666034198726,1.343104608754256
5523,LYS_40_A_HD3,61.87,-16.132,46.013,8082,LEU_48_C_HD22,58.121,-18.9,46.138,5,-5.587659044154723,9.355513948577004,-8.06372043122296,5.413699208488586,35.715907504168584,-35.4423569027638,46.88503562602798,-0.9327040000000001,1.5818053882787886,4.661807589336989,1.3433612981927465
5454,LYS_40_A_O,60.279,-15.666,45.026,8083,LEU_48_C_HD22,57.833,-18.538,46.138,5,-5.0099386138231194,7.911021228135373,-7.681017472838845,5.155428803869256,62.03947410432735,-13.598918386088261,44.225653636953396,-0.6654150000000001,1.6222320183827124,3.9329180006707505,1.2592139042720032
6303,GLU_43_A_HB3,61.727,-17.038,43.337,8062,LEU_48_C_HD22,58.403,-19.397,46.551,5,-6.499412231382261,9.41225826786584,-8.577624441603813,5.614520010414207,60.662684841955326,-17.793330763485987,44.36609413897581,-0.417256,1.3843485318692306,5.190727598323762,1.4194181567506294
6284,GLU_43_A_HB3,60.252,-17.575,43.316,8080,LEU_48_C_HD22,58.277,-18.899,46.53,5,-6.923644951721255,7.910276667894506,-8.071695490735554,5.529382807459239,59.53701858631892,-18.054309059095576,44.47951912079544,0.08975399999999997,1.4331210968618873,3.9979240863228007,1.3062919042143428
6162,GLU_43_A_C,59.623,-17.947,43.642,8078,LEU_48_C_HD22,58.277,-18.899,46.946,5,-7.244746234310948,7.225463350943189,-8.068716942298394,5.4878249496929365,59.270867610363894,-18.19605648954947,44.50637252255401,0.639779,1.4890537145505376,3.692483716957999,1.3563196717234023
6725,TYR_44_A_HB2,58.69,-17.696,45.446,8081,LEU_48_C_HD22,58.021,-18.515,46.53,5,-6.911105796107127,6.138650769789821,-7.66947208194812,5.3045282431783,59.27018690210855,-16.985726348539764,44.50590642468509,0.13241399999999998,1.5090074359744585,1.5143903063609465,1.8563874825177618
6172,GLU_43_A_O,59.35,-19.515,41.2,8048,LEU_48_C_HD22,58.89,-20.286,46.779,5,-8.805101465581956,7.079649845794549,-9.49920262254485,6.0074726449214015,59.07569818461375,-19.97475369491914,44.52680397399976,-0.163126,1.2166962171552083,5.6507771146984735,1.5908700469847337
6180,GLU_43_A_O,59.055,-19.953,41.49,8988,LYS_51_C_HZ1,58.963,-20.362,46.295,5,-9.217489306848233,6.724789587174768,-9.58396105924956,6.122483043590651,58.99670089769284,-20.212177530909013,44.534860723759756,-0.15033300000000002,1.1150243285288592,4.823253051623976,1.8698455310939086
6186,GLU_43_A_O,58.513,-19.894,43.05,8060,LEU_48_C_HD22,58.774,-20.179,46.339,5,-9.106565603806983,6.035702620142368,-9.386902545716927,5.944459356582062,58.63372465276952,-20.025825770265577,44.5713156435209,-0.386503,1.3800152925346976,3.3116260356507663,2.0028502389609057
7497,ALA_47_A_H,58.218,-20.41,42.634,7762,LEU_48_C_CD2,58.747,-20.366,46.998,5,-9.60178371926602,5.745455076365802,-9.566606847519152,5.837656671366101,58.45503940974348,-20.39028405665651,44.58946310797831,-0.11465799999999997,1.4591468872551898,4.396165715711815,2.0797733382246832
7432,ALA_47_A_CB,57.387,-19.594,45.187,8110,LEU_48_C_HD23,57.723,-19.555,48.566,5,-8.707109432344557,4.727864236502992,-8.669398132577667,4.726610981512421,57.33872126248921,-19.599603782032514,44.701482577235204,0.701983,1.7289858913646463,3.3958883962816024,2.2496757969009296
7464,ALA_47_A_CB,57.127,-21.281,46.028,8029,LEU_48_C_HD21,57.05,-21.209,45.744,5,-10.363597288943907,4.257955313976583,-10.288024166773212,4.215395330293146,56.78268362125841,-20.959041827670237,44.75805387581032,-0.901,1.0801506017130398,0.30293398620821677,3.180138034302319
7549,ALA_47_A_HB1,55.451,-20.039,45.333,7875,LEU_48_C_HG,55.343,-19.974,45.536,5,-9.003603303224113,2.7588177084151666,-8.929182435722494,2.636320969124234,55.69903075092782,-20.188277766762134,44.86679405149677,-0.780791,1.980790366489151,0.238951878000573,2.1348930977246954
7451,ALA_47_A_CB,55.034,-21.311,45.718,8151,GLU_49_C_HA,55.591,-21.292,50.968,5,-10.237697052484627,2.210177346905164,-10.223218596407236,2.239751498107989,54.95172474769129,-21.313806516685588,44.94251512635414,0.13775800000000002,1.6703540062661517,5.279499029264046,1.6684666121098966
7385,ALA_47_A_C,54.095,-21.241,44.899,7822,LEU_48_C_HA,54.265,-21.147,45.128,5,-10.102862846449323,1.3657188213527156,-10.020329932367925,1.518628759811049,54.18458859372278,-21.19146277758859,45.01968110566187,-0.877926,2.0148974618147797,0.3002948551007833,1.4301884708788462
7419,ALA_47_A_O,52.848,-22.535,44.762,7448,ALA_47_C_O,52.909,-22.328,45.509,5,-11.299961007704296,0.044111663374926405,-11.092814585295779,0.045705140998384464,52.87981193758947,-22.42704801506524,45.15156585867764,-0.964594,1.5555758917966376,0.7775467831584156,1.2791498116659885
8291,LEU_50_A_HB3,52.924,-24.812,44.472,8351,LEU_50_C_HB3,52.82,-24.95,45.603,6,-13.578217308031395,-0.024212727774630474,-13.69986930095531,-0.25084320348962685,52.861239019812096,-24.895278992941662,45.15452565954347,-0.8950319999999999,1.7018464462087828,1.1441245561563653,2.485308875660963
7779,LEU_48_A_HA,51.407,-22.784,44.673,7434,ALA_47_C_C,51.414,-22.838,44.995,6,-11.440077336431475,-1.3955025039363775,-11.492144827113108,-1.4248206938266104,51.42060117848269,-22.888923376866426,45.29865421020339,-0.312324,1.5541914261590701,0.3265715848018585,1.7491064882460243
8591,LYS_51_A_CB,50.512,-22.916,44.833,7619,ALA_47_C_HB2,50.651,-22.93,44.174,6,-11.502973940339354,-2.309429642225374,-11.532147328803884,-2.106755908758041,50.3919398563566,-22.903907611431617,45.40220600475539,-0.857532,2.010552913099026,0.6736453072648836,1.8088497671673613
8846,LYS_51_A_HG3,49.157,-24.295,46.8,7564,ALA_47_C_HA,49.133,-24.225,46.675,6,-12.76160807657816,-3.954817432649525,-12.690892559943363,-3.9608315442200674,48.91718442946145,-23.595537919262398,45.5509605701114,-0.958077,1.7842224640520847,0.14526183256451,2.7345069696864446
8588,LYS_51_A_CB,48.572,-22.718,44.783,7519,ALA_47_C_CB,48.622,-22.927,44.448,6,-11.159421198842836,-4.214097298145831,-11.373993084077837,-4.14687730848051,48.45045832107286,-22.20995578208452,45.5973292488119,-0.957983,2.38868601993039,0.3980025125548834,3.1306444301510656
9278,ASP_52_A_HB2,47.758,-22.114,40.288,7486,ALA_47_C_CB,47.94,-22.196,44.757,6,-10.527883361653883,-4.526815121908203,-10.591391294672523,-4.798918815263905,47.97616674882923,-22.21229490881319,45.6450725303178,0.38050700000000004,1.9130027605004911,4.473456046503644,2.0958947860257258
9255,ASP_52_A_HB2,47.367,-22.487,42.665,7664,ALA_47_C_HB3,47.672,-22.587,44.961,6,-10.85326701611419,-5.180476029904419,-10.959568923066774,-5.114836381399482,47.76570995095853,-22.61772457408478,45.666436220986185,0.708132,2.5888815930935927,2.3183271986499223,3.3202860373467726
8955,LYS_51_A_HE3,47.189,-23.296,47.175,7393,GLU_46_C_HB3,47.638,-23.324,50.428,6,-11.61420533634672,-5.86897055927805,-11.65273535402086,-5.750610446633445,46.99157456871476,-23.28368839181296,45.744654948839866,-0.262364,2.3350709125735625,3.2839601093801365,1.8662223272655158
9252,ASP_52_A_HB2,46.304,-22.899,41.114,7397,GLU_46_C_HB3,46.992,-22.909,49.673,6,-11.194922881860842,-6.111385856704393,-11.195559793951478,-6.284610469874021,46.67874472758639,-22.904446871040513,45.775976923563846,-0.793944,2.3210181186268426,8.586613127421083,1.6186000024056904
8659,LYS_51_A_CE,46.598,-22.157,45.113,7385,GLU_46_C_HB3,46.997,-22.061,49.22,6,-10.44862603616402,-6.162926895880659,-10.353623314495321,-6.170080863316669,46.6625347868484,-22.141472833239497,45.77727160297338,-0.477534,2.214202270471449,4.127452725350103,2.501573532755963
8997,LYS_51_A_HZ1,46.216,-22.039,44.924,7395,GLU_46_C_HB3,46.601,-22.096,49.673,6,-10.303475975372065,-6.514079841091237,-10.355378780469932,-6.61086221206691,46.28822572912603,-22.049693159896595,45.81490905875203,-0.423134,2.2359106799656447,4.764921300504345,2.141337058881908
9168,ASP_52_A_OD2,45.021,-23.1,41.61,7314,GLU_46_C_OE1,45.909,-22.845,50.538,6,-11.294918782630727,-7.449048040194108,-11.043778092757483,-7.440616269921149,45.447686354039796,-22.97747182400886,45.89992766764331,0.04728500000000008,2.3447812397418075,8.975675629165748,1.551415098518542
9034,LYS_51_A_HZ1,45.686,-21.719,43.678,7370,GLU_46_C_HB3,46.405,-21.935,50.098,6,-9.95330099028146,-6.8911507718205005,-10.177000410283371,-6.835560571505997,45.929353435413915,-21.792107568914343,45.85091940939821,0.048051999999999984,2.1683599086976018,6.463746359503908,1.8437773501534531
9027,LYS_51_A_HZ1,44.815,-22.488,43.147,7304,GLU_46_C_OE1,45.766,-22.614,50.695,6,-10.65812249780732,-7.760549522557684,-10.801522020407864,-7.580651307735603,45.16540674378024,-22.53442613009077,45.928146269246284,0.994677,2.2148528791539173,7.6087174346272075,1.7529357543076853
9137,LYS_51_A_HZ3,45.223,-21.716,46.013,7366,GLU_46_C_HB3,45.766,-21.724,50.695,6,-9.898631959817642,-7.58353031923296,-9.914085519171373,-7.513150913094041,45.21256651178912,-21.715846283783282,45.92303758415591,-0.6718139999999999,2.02856936070927,4.713389120367638,1.9173057293440974
9035,LYS_51_A_HZ1,44.19,-21.972,44.276,7303,GLU_46_C_OE1,44.834,-21.937,50.86,6,-10.088334083585204,-8.45426437307291,-10.054919305345324,-8.470428644725908,44.35951121828931,-21.96278743378864,46.00901531244855,0.019069000000000003,1.9242317108481108,6.615513358765135,1.5689918554189433
1433,PHE_28_A_CZ,39.991,-6.23,49.053,4621,ARG_35_C_HG2,40.16,-6.165,50.644,6,5.959575268782684,-11.903397610570957,6.023019100435991,-11.889741250731797,39.71657113849251,-6.3355495621182625,46.46947148722825,-0.34967499999999996,2.394601407376168,1.6012704331248993,4.117983775796329
1375,PHE_28_A_CE2,40.62,-6.189,50.469,4540,ARG_35_C_HA,40.481,-6.189,48.971,6,5.963102614066148,-11.4177119023715,5.962872267184774,-11.405965951333336,40.24395031871563,-6.188999999999993,46.416320700978446,-0.605108,2.293022707379172,1.5044351099332975,4.973751035749732
1311,PHE_28_A_CE1,39.688,-5.691,46.902,4622,ARG_35_C_HG2,40.07,-5.713,50.644,6,6.50449989294911,-11.948243225892082,6.480512701174302,-11.944749408092008,39.64455640062404,-5.688498012601375,46.47643468883545,-0.9261189999999999,2.2553332301720515,3.761511930062163,3.2929527415848754
1295,PHE_28_A_CE1,40.164,-5.415,46.2,3595,ARG_33_C_O,39.681,-5.434,41.064,6,6.738737909414827,-11.384940676805343,6.719488268804637,-11.352487668382638,40.18487032581936,-5.414179014098195,46.42192545219096,0.30045499999999997,1.7711258259778808,5.158696153099156,2.7303705620965983
1677,PHE_28_A_HE1,40.691,-4.915,45.871,4253,GLY_34_C_H,40.647,-4.902,46.03,6,7.1951506099188824,-10.791314232721223,7.212573851676305,-10.849864690131515,40.548744748705076,-4.8729700393901325,46.385058748997515,-0.900192,1.7923331176631154,0.1654871596227333,2.5615755258776107
1702,PHE_28_A_HE2,41.533,-4.159,52.211,4260,GLY_34_C_H,40.946,-4.221,45.712,6,7.930791505475037,-10.53198395378657,7.866759269371905,-10.469808973569716,41.00263877952604,-4.215017709828587,46.33907909393478,1.000457,2.2646243009584253,6.525750071830819,4.652291060553537
1261,PHE_28_A_CD2,42.796,-4.38,51.581,4240,GLY_34_C_H,42.149,-4.437,44.691,6,7.610553585512589,-9.23278320709423,7.553237740245563,-9.190694791932223,42.29158658793837,-4.424438275869408,46.2094259519248,0.8081900000000001,2.1437665394778134,6.92054607671967,4.067002028331942
516,TYR_27_A_CB,41.723,-3.697,44.037,3986,ARG_33_C_HD2,41.028,-3.748,37.259,6,8.318589095704398,-9.491872935615195,8.271682158627442,-9.508139052512952,41.94925504898965,-3.680397111512981,46.24355643460698,0.836958,1.316337721710296,6.8137295220752625,3.555218575035538
902,TYR_27_A_HB2,42.784,-3.738,44.114,3809,ARG_33_C_HA,42.874,-3.797,44.02,6,8.198146965876802,-8.45005357823993,8.131848355825335,-8.355848589365323,40.61726668110306,-2.317585935389822,46.37703257751435,-0.712691,1.4962571491032377,0.14288806808127655,1.9418627501512302
880,TYR_27_A_HB2,42.509,-3.076,43.52,3827,ARG_33_C_HA,42.412,-2.866,43.602,6,8.874751226041091,-8.613333878019098,9.092057525595777,-8.701832488350558,38.93236152071401,4.667237944845856,46.54355005465386,-0.822085,1.8092331888556745,0.24542412269375477,2.2488326700673373
903,TYR_27_A_HB2,43.095,-2.887,43.454,3799,ARG_33_C_HA,43.074,-2.86,42.427,6,9.018487947681882,-8.011033939427348,9.039642506740345,-7.9272243731731695,43.14956347541859,-2.9571530398238863,46.12241377404228,-0.41915699999999995,1.6211871093806036,1.0275694623722536,2.241730746631195
896,TYR_27_A_HB2,43.603,-2.579,43.569,3922,ARG_33_C_HG3,43.545,-2.634,41.831,6,9.28806730848527,-7.495174353686055,9.225161025514776,-7.383263757182408,43.68640165089749,-2.499912227597201,46.06817360792805,-0.48462700000000003,1.4784559478482278,1.7398370613364915,1.885452429868978
888,TYR_27_A_HB2,43.95,-2.017,44.004,3927,ARG_33_C_HG3,43.68,-1.955,41.01,6,9.82536267188077,-7.151746752408645,9.886133671696811,-7.115815550228202,44.13208463305772,-2.0588120268502785,46.02311626435111,0.6686300000000001,1.5392601470744773,3.006788984947231,1.6675983331622501
974,TYR_27_A_HD2,43.215,-0.5,41.898,4022,ARG_33_C_HD3,42.798,-0.965,38.472,6,11.378410986347719,-7.5555016500833565,10.921706152113769,-7.662222665009855,43.72200393176316,0.06536409657044284,46.063456763118914,0.639972,1.581767548861011,3.4824689517639658,2.670677179584749
455,TYR_27_A_C,44.994,-1.281,48.246,3724,ARG_33_C_CZ,43.903,-1.422,37.505,6,10.51078740225503,-6.483941094843369,10.375664980410383,-6.504007289213179,44.761742696614924,-1.3110167550662513,45.959404495271244,0.37155400000000005,1.3556403558218941,10.797186809535157,4.5963748882802395
41,GLU_26_A_C,44.515,0.005,48.213,3663,ARG_33_C_CD,42.979,-1.119,38.801,6,11.829014238954437,-6.858327425765637,10.756838824031382,-7.527198563568751,44.1570794205047,-0.2569158407244114,46.01980436574885,0.26700799999999997,1.7592295093102646,9.602521335565987,3.4158504686488276
1482,PHE_28_A_HA,45.963,-1.378,47.325,3722,ARG_33_C_CZ,44.806,-1.531,37.505,6,10.33430744282385,-5.437943516515119,10.198797295219267,-5.616405316309672,45.78991518271453,-1.4008884849132788,45.85594822321238,0.531995,1.6696346269815034,9.889108048757482,3.5613765162200868
73,GLU_26_A_CB,45.675,0.372,47.893,3057,GLN_31_C_OE1,45.971,-0.247,43.144,6,12.105079359483438,-5.647686102392084,11.431509893818447,-4.926551652017311,45.80208506729219,0.10623764643965394,45.854057484558716,-0.280559,2.5571341705756163,4.7983099107915095,4.665052121108722
350,GLU_26_A_HB3,46.559,-0.218,45.865,2975,GLN_31_C_CD,46.238,-0.24,42.085,6,11.43551130031583,-4.612820077424367,11.410747300576489,-4.555336568958117,46.55167534692579,-0.2185020011452593,45.778747075948594,-0.34414100000000003,1.5516314133651101,3.793669068329499,2.048987297405355
364,GLU_26_A_HB3,47.403,-0.232,46.902,3033,GLN_31_C_OE1,46.956,-0.187,44.123,6,11.365249710362995,-3.880142022798274,11.423973577767226,-4.04258057852491,47.21163967604758,-0.21273553785712362,45.71231243788864,0.759425,1.821890371286898,2.8150799278173286,2.3466837303024013
114,GLU_26_A_CD,47.682,0.59,47.041,3060,GLN_31_C_OE1,47.304,0.474,42.746,6,12.164811221906145,-3.554888184850738,12.046934412600438,-3.5096359653759404,47.56193011356246,0.5531531565429926,45.67671385648353,-0.6125320000000001,1.9345231142614463,4.313161833272658,2.2705187917179863
250,GLU_26_A_OE2,47.87,1.238,45.336,3345,GLN_31_C_HE22,47.846,0.566,40.919,6,12.784541941277762,-3.148899216339588,12.084664066291445,-2.7824237322166803,47.87168011463734,1.2850432098457656,45.645211098048634,-0.4939859999999999,1.8196041374514698,4.467890889446609,3.1070792367678624
213,GLU_26_A_OE2,48.76,0.738,47.161,3338,GLN_31_C_HE22,48.23,0.822,41.335,6,12.231848990638195,-2.486164369477985,12.31391106225392,-2.4235982510427214,48.61531781826858,0.7609307608782032,45.5705879419486,-0.30779500000000004,1.9943271296532137,5.850660817377812,2.5486189491950615
225,GLU_26_A_OE2,49.463,0.218,45.869,3356,GLN_31_C_HE22,48.887,0.085,39.999,6,11.651015578148897,-1.6990853815448925,11.51986090576126,-1.6942184130338567,49.42573708402501,0.20939588919328697,45.48925465837989,0.6447009999999999,1.785332987084339,5.899691941110143,3.051375768867084
2150,THR_29_A_HG22,50.105,0.038,46.157,3330,GLN_31_C_HE22,49.618,0.181,41.727,6,11.425121454949366,-1.104577940509979,11.572762163110463,-1.1343352345737212,50.02496943037701,0.06149973604947266,45.429001183922324,0.849428,1.8655250626965914,4.458981722321812,2.659747742470322
3326,GLN_31_A_HE22,52.786,0.936,49.17,250,GLU_26_C_OE2,52.335,0.964,44.843,6,12.139677143844432,1.3223621721915284,12.170668362758933,1.3093090539419165,52.37141870990456,0.9617389714471809,45.19240966243245,-0.09013200000000002,1.6242164328150712,4.3505303125021415,2.366914752318726
3329,GLN_31_A_HE22,53.853,1.113,48.778,218,GLU_26_C_OE2,53.665,1.124,44.53,6,12.232796039707887,2.4335204398913737,12.227543864582374,2.672209041254649,53.68844541118636,1.122628194026345,45.059766525104536,-0.8891739999999999,1.611675358430276,4.25217226838236,2.4804100910454343
2991,GLN_31_A_OE1,54.671,0.995,48.096,353,GLU_26_C_HB3,54.226,0.837,44.269,6,12.048489160493705,3.3042419931816633,11.89714307378412,3.2330853197173144,54.31067967812823,0.8670660430208234,44.99724523190278,-0.403506,1.6147232566116088,3.8560235995128433,2.294224405299905
2945,GLN_31_A_CD,55.412,0.377,49.656,367,GLU_26_C_HB3,54.949,0.409,43.8,6,11.387489045253613,3.836677179187385,11.412427213653677,3.9647673063069244,55.037887888857895,0.40285656059730957,44.92424941069515,-0.865945,1.7216605576474242,5.874362007912009,2.680759680356828
2997,GLN_31_A_OE1,56.19,0.84,48.333,402,GLU_26_C_HB3,55.571,0.91,43.308,6,11.780939376585103,4.775814547263975,11.861496917412236,4.669002851989612,55.7611021138614,0.8885021842160092,44.85123606163736,-0.829494,1.3729043698082315,5.0634658091074325,3.901693198136693
3022,GLN_31_A_OE1,56.458,-0.396,46.834,369,GLU_26_C_HB3,56.241,-0.311,43.539,6,10.517531147140808,5.097704136580503,10.595078945814556,5.2180306897896624,56.323726483355536,-0.3434043828811866,44.795146371688865,-0.1296589999999999,1.723385305272408,3.303231599509791,2.400888806195056
3738,ARG_33_A_CZ,57.587,-0.833,51.953,1484,PHE_28_C_H,57.028,-0.827,45.363,6,10.03319582290285,5.67326337639585,10.034202007067135,5.777465351372448,56.97429472793776,-0.8264235570082626,44.729873447423685,0.529804,2.1254723884798166,6.61366895149735,2.5502019327445713
4066,ARG_33_A_HE,58.088,-0.909,50.55,462,TYR_27_C_C,57.286,-0.867,41.839,6,9.909540934662964,6.304700697765044,9.949605009364962,6.3824371681879715,57.54685151437182,-0.8806605531217059,44.6722637676969,0.845842,1.7789408653422838,8.747941986547463,2.5828588823500827
3676,ARG_33_A_CD,58.896,-0.336,51.189,1006,TYR_27_C_HD2,58.621,-0.475,47.705,6,10.424457123710969,7.085942654162358,10.281676213090813,7.150619232245727,58.3750293141066,-0.59932700123338,44.588775019445016,-0.22807999999999998,1.803248438512328,3.497599462488524,2.4718387294140154
3917,ARG_33_A_HG3,58.725,-0.81,49.417,933,TYR_27_C_HB2,58.555,-0.694,47.252,6,9.95204640577377,7.057363908416713,10.0650469150093,7.11378490589598,58.34610536349342,-0.5514601303837373,44.59166536448983,0.22679000000000005,1.708147883883492,2.1747599867571585,2.436588989961905
3944,ARG_33_A_HG3,59.571,0.031,49.449,508,TYR_27_C_O,58.885,-0.045,40.913,6,10.726975345352596,7.957270243522695,10.641873634285005,8.123658882331156,59.17392199886572,-0.01299114881369512,44.50809939113393,0.38436500000000007,1.4815742646551484,8.563858242638071,1.8672588157512395
3926,ARG_33_A_HG3,58.948,-1.634,48.445,944,TYR_27_C_HB2,58.697,-1.621,46.979,6,9.106622539612296,7.313209630018065,9.128040505217822,7.211629264186361,58.28931252086261,-1.5998847122359003,44.59784524137282,-0.5184529999999999,1.918760301243953,1.4873889874541903,1.6832168974169162
4070,ARG_33_A_HH11,60.965,-0.55,53.127,611,TYR_27_C_CD2,60.616,-0.521,48.652,6,10.068728260567788,8.928769348630079,10.091955342461093,9.031771571493277,60.2841231193351,-0.49342283799631503,44.39655862184697,-0.14898299999999998,1.3136252812681595,4.4886821005725075,3.612299103224946
4086,ARG_33_A_HH11,61.286,-1.175,54.028,1370,PHE_28_C_CE2,60.081,-1.096,40.414,6,9.42774227752078,9.109823675931468,9.500023230808887,9.280352202466123,60.432208610885674,-1.119025294821538,44.381928654437814,-0.039661,1.052918245893823,13.667452652195285,3.7642673386256305
4077,ARG_33_A_HH11,61.356,-2.019,53.714,528,TYR_27_C_CB,60.602,-2.108,46.702,6,8.57863965098261,9.146627456075363,8.49662156911843,9.092321526593615,60.353423977742686,-2.13734120156617,44.39030892829145,0.589923,1.9527321994309814,7.052983836646729,2.8133466954754676
3976,ARG_33_A_HD2,62.309,-1.484,51.879,950,TYR_27_C_HB3,61.702,-1.578,46.303,6,9.027003195906424,10.315991661934444,8.939181898772494,10.263691107714973,61.48140021105867,-1.6121620760469155,44.276534723003564,0.47530799999999995,1.7701640017882614,5.6097291378461405,2.6491601270758323
4231,GLY_34_A_H,61.893,-1.842,46.179,956,TYR_27_C_HB3,61.805,-1.803,45.905,6,8.660632883266098,10.445547601807656,8.7042032188718,10.38857267616743,61.28822883547593,-1.573976415722278,44.295962510459155,-0.40303,1.650706611171529,0.2904152199868331,2.372482601355247
3996,ARG_33_A_HD2,62.273,-2.426,52.136,1736,PHE_28_C_HE2,60.762,-2.464,38.68,6,8.092274789970347,10.183157756331651,8.072128760540084,10.025445168776871,61.391503199050675,-2.448168681956359,44.28595304197609,-0.762991,1.4677919975505762,13.540624099353769,3.550787419731085
3967,ARG_33_A_HD2,62.115,-2.848,51.329,1737,PHE_28_C_HE2,60.762,-2.898,38.68,6,7.677642093731415,10.075017948767497,7.639378826229256,9.992529245996604,61.36197873980574,-2.875827836666445,44.289113880120354,-0.678215,1.3604086111256533,12.721254262060798,3.9880745835813323
3867,ARG_33_A_HB3,62.446,-3.055,50.364,1743,PHE_28_C_HE2,61.297,-3.036,38.471,6,7.439336565291184,10.484106704895371,7.459884332014795,10.53371674595883,61.854315720969346,-3.0452158387279447,44.23962999955483,-0.5578339999999999,1.44422823075313,11.948389473062887,4.110851225844494
3856,ARG_33_A_HB3,62.689,-3.566,50.022,1720,PHE_28_C_HE2,61.68,-3.734,38.989,6,6.909011822665713,10.720597207538416,6.7386849910838915,10.809006101627983,62.15741975350033,-3.6545089013002356,44.20938864258582,-0.198432,1.5053075963574343,11.080315609223414,4.007329625164815
4176,GLY_34_A_C,62.856,-3.486,43.154,1335,PHE_28_C_CE1,62.997,-3.57,44.144,6,6.926997255792278,11.578450082921709,6.839681273603344,11.613066051672444,62.99430948951101,-3.568397142687404,44.12510918167308,-0.9502390000000001,1.5317660375441011,1.0035123317627888,2.970765778667173
3618,ARG_33_A_O,63.597,-3.762,49.162,1388,PHE_28_C_CE2,62.696,-3.733,39.811,6,6.638859622112968,11.69247422055293,6.6688538226847935,11.734941713622105,63.110558868711806,-3.7463431822337796,44.11348610579813,-0.15766600000000003,1.4858969012989411,9.394351654052556,3.6329960737038807
3621,ARG_33_A_O,63.972,-3.878,48.827,1439,PHE_28_C_CZ,63.3,-3.903,42.056,6,6.492480515073135,12.08918104907515,6.469812178109159,12.097005928533953,63.50031172122601,-3.8955479270377147,44.07431944110321,0.212849,1.117555041562108,6.80431113339183,3.2702378577877327
4595,ARG_35_A_HG2,62.752,-4.586,40.464,1413,PHE_28_C_CZ,62.736,-4.237,42.211,6,5.818757892007317,11.660571426013142,6.180469217399122,11.496644013381596,62.71821385263022,-3.849039660496915,44.15302496593661,-0.415208,1.1085260883709458,1.781590862122951,3.7210903394972
3619,ARG_33_A_O,64.141,-4.782,48.827,1452,PHE_28_C_CZ,62.908,-4.152,41.21,6,5.578323876231718,12.188284232425865,6.24507027730171,11.77373096604404,63.373758458273656,-4.389978774300398,44.08727670451777,0.425759,1.2282796225550747,7.741826528668798,3.289690891868602
3601,ARG_33_A_O,64.187,-5.419,48.59,1344,PHE_28_C_CE1,62.874,-4.261,42.959,6,4.937988474724256,12.209284874481769,6.151474218877619,11.557009746545736,63.14252273692269,-4.497823556250164,44.11060055720615,0.39158599999999993,1.1323874140322312,5.896871543454206,3.2300457950091266
4711,ARG_35_A_HD3,63.178,-6.126,39.781,1343,PHE_28_C_CE1,62.469,-4.474,42.959,6,4.246137922262257,12.034639614950931,5.969667536493964,11.13905350273984,62.19077512242317,-3.8257242626841528,44.2061067150059,0.48427,1.3010970960412997,3.651228423421359,3.9022429666939003
4710,ARG_35_A_HD3,63.493,-6.472,39.781,1349,PHE_28_C_CE1,62.584,-4.373,42.536,6,3.877350224766142,12.320910286809408,6.0586647995241085,11.30306263648287,62.02764526013277,-3.0883040715276975,44.22220165933358,0.19422799999999996,1.3715362661153816,3.580796978327592,4.035289362973058
4868,ARG_37_A_H,64.87,-6.766,45.7,1449,PHE_28_C_CZ,63.198,-4.04,41.633,6,3.5226055781491143,13.07343764565307,6.337879696655219,12.027678076106906,64.1740925230032,-5.631404436427453,44.0072633319701,0.3703509999999999,1.543185996264215,5.173697807178152,4.023996362289457
4726,ARG_35_A_HD3,64.437,-7.361,38.54,1448,PHE_28_C_CZ,62.793,-4.253,41.633,6,2.9107479424481593,13.31400510982301,6.1560730142715645,11.609721832301009,61.382622084841415,-1.5866651092987212,44.28646647906662,0.34584000000000015,1.2084591410418801,4.682846249878381,3.6526363434884455
5426,GLU_39_A_HB2,63.963,-8.867,38.801,1373,PHE_28_C_CE2,61.907,-4.621,40.635,6,1.4467441797498302,12.703455029362564,5.848885370526331,10.802507329236201,57.36309686826038,4.762955592104287,44.68826767685332,-0.539875,0.4698656560051996,5.061542057515674,1.56527844438112
5572,LYS_40_A_HZ1,64.248,-16.578,44.093,9129,LYS_51_C_HZ3,62.259,-20.212,44.624,6,-6.225674101663702,11.872713987061607,-9.695224190943321,9.570761236046714,64.78177842533533,-15.602760785485879,43.950498067444414,-0.52374,0.8970721738417067,4.176606038400081,3.1335577042166345
5569,LYS_40_A_HZ1,63.647,-17.063,44.874,9130,LYS_51_C_HZ3,61.875,-19.956,44.624,6,-6.658306278402435,11.16165536820331,-9.410967370341584,9.209209584810361,60.31195914977685,-22.50784942420746,44.4034806926886,-0.23227600000000004,0.7286410433658504,3.4017544003058187,2.9334009103292917
6226,GLU_43_A_OE1,63.548,-17.359,43.172,9122,LYS_51_C_HZ3,62.259,-20.212,45.04,6,-6.958164908013924,11.211015197956284,-9.692245642506162,9.529203378280412,62.87754792152559,-18.84294086880334,44.143609373615355,-0.604302,0.6878733774970075,3.6456212090671185,2.742038290752041
5670,LYS_40_A_HZ3,63.674,-17.485,48.943,9138,LYS_51_C_HZ3,61.654,-20.035,44.232,6,-7.051995503581548,10.749948543825347,-9.47585977452808,9.023123535549557,61.66850582103309,-20.016688196220624,44.265830159844974,-0.902221,0.8431886154005724,5.725069519228563,2.8684028243013486
6309,GLU_43_A_HB3,62.252,-17.259,43.507,9119,LYS_51_C_HZ3,61.654,-20.035,45.432,6,-6.7581989713278245,9.899368152692455,-9.46726780788243,8.903245099685222,62.027738668286005,-18.300052603408147,44.228911477507445,-0.29947999999999997,0.957125687766646,3.430656642685189,2.4656290159595065
5492,LYS_40_A_NZ,63.377,-17.955,47.947,9123,LYS_51_C_HZ3,61.875,-19.956,45.04,6,-7.5053478869728005,10.519146822788436,-9.407988821904425,9.16765172704406,61.48466521446651,-20.476013252897825,44.284538467679184,-0.8960830000000001,0.690191237710842,3.835447040437403,2.3659691322229155
6301,GLU_43_A_HB3,62.02,-17.715,43.503,9131,LYS_51_C_HZ3,61.423,-19.866,44.624,6,-7.195396857108804,9.635015414001526,-9.28709802681594,8.767604978404371,61.6108509319666,-19.189170260200743,44.27126818302418,0.16689600000000002,0.7293349657432361,2.4979693753126773,2.9630271364572236
6293,GLU_43_A_HB3,62.582,-18.706,41.903,9118,LYS_51_C_HZ3,62.071,-20.235,45.432,6,-8.237432600057977,10.27725457940839,-9.698177615188397,9.301783360873335,62.248332965464726,-19.704389228580105,44.20732674143829,-0.25041500000000005,0.5638919534469523,3.879794195572753,2.4734572019612564
6375,GLU_43_A_HG2,62.092,-19.565,40.976,9137,LYS_51_C_HZ3,62.071,-20.235,44.232,6,-9.063597895820742,9.818581016435166,-9.706769581834047,9.42166179673767,62.07104252501777,-20.233643249432962,44.225406597244294,-0.764432,0.6288773163801139,3.324285938363305,2.636030605540264
6358,GLU_43_A_HG2,61.032,-19.327,40.773,9124,LYS_51_C_HZ3,61.423,-19.866,45.04,6,-8.747700854315845,8.805282096266644,-9.28411947837878,8.72604712063807,61.35494249431418,-19.772181597021344,44.297285481428624,-0.7295799999999999,0.9489462431707594,4.318644579031709,2.032801930416158
6348,GLU_43_A_HG2,60.4,-19.483,40.084,9125,LYS_51_C_HZ3,60.971,-19.956,45.04,6,-8.860465144119882,8.235271766011962,-9.339731674429057,8.270790749023666,60.890817613643776,-19.889579214104227,44.34405620528648,-0.540567,0.9581109682080918,5.011158149569813,2.130240376318862
7266,GLU_46_A_OE1,60.588,-20.752,39.201,9030,LYS_51_C_HZ1,61.279,-20.635,46.919,6,-10.146327324079532,8.41375270648653,-10.02657809250921,8.337151284459805,61.04708550800177,-20.67426772151057,44.32867286650882,0.405991,0.9763714041847965,7.74975444772284,1.5672876393095594
7335,GLU_46_A_HB3,59.52,-21.291,39.676,9016,LYS_51_C_HZ1,60.312,-21.373,47.698,6,-10.599733755036352,7.265855527424041,-10.68386078021872,7.243994504806755,59.98988687845602,-21.33964990408258,44.435384518906794,0.033426999999999985,0.8242821464131593,8.06141873369694,1.7826197302144617
7345,GLU_46_A_HB3,58.824,-22.077,40.196,9264,ASP_52_C_HB2,59.697,-22.022,48.65,6,-11.327194662537583,6.463791912291895,-11.277739146939856,6.489525493945047,59.26930146338722,-22.04894549772476,44.50823204063632,-0.846889,0.8557338626445434,8.499133485244247,1.7887147453478949
7271,GLU_46_A_OE1,58.734,-22.804,39.213,8953,LYS_51_C_HE3,59.306,-22.71,42.998,6,-12.052343398698767,6.417565111528828,-11.974702912489622,6.6140606314630785,59.53030189166182,-22.673139199622025,44.482235419475536,-0.21984700000000001,0.7517256833857064,3.8291311024826467,2.282443422111116
7246,GLU_46_A_CG,58.171,-22.685,38.754,8954,LYS_51_C_HE3,58.557,-22.554,43.38,6,-11.894462880103875,5.913890041353332,-11.75986337058663,5.84464582323433,58.65630732876888,-22.52029725370799,44.5701443079917,-0.544772,0.8388697212862406,4.643924310322041,2.1143280707138765
7491,ALA_47_A_H,57.58,-21.653,42.469,9251,ASP_52_C_HB2,58.214,-21.525,48.219,6,-10.79421222457582,5.034703718775503,-10.673281677432676,5.09898734355463,57.82090145273007,-21.60436374455924,44.65383178737841,0.6429880000000001,1.2891605856019444,5.786263042759117,2.939716031650694
7356,GLU_46_A_HB3,57.423,-22.451,40.362,8631,LYS_51_C_CG,57.949,-22.442,44.39,6,-11.593145384155793,5.0289072989252865,-11.595046934238251,5.1490440375105875,57.981391388221425,-22.44144577472626,44.6380466002964,-0.924216,0.9307516328558949,4.062208881876951,2.2824266299579694
7204,GLU_46_A_C,56.995,-22.516,39.64,8609,LYS_51_C_CB,57.27,-22.535,44.903,6,-11.630811225188737,4.67148433316678,-11.632837630977493,4.417104757787161,57.25995242864515,-22.534305804160955,44.7107077525797,-0.832922,0.8269432428381349,5.27021394252643,2.054640164559181
7218,GLU_46_A_C,56.784,-22.87,40.285,8849,LYS_51_C_HG3,57.303,-22.918,44.091,6,-11.963241702825485,4.37086750058496,-12.023040047744326,4.501913970859955,57.3858017198916,-22.925657962533347,44.69821261253846,-0.792989,1.1419641109741645,3.84152326558099,2.0838320159544232
7525,ALA_47_A_HA,56.99,-23.57,43.568,8856,LYS_51_C_HG3,57.06,-23.598,43.546,6,-12.653273452081537,4.1941830692360105,-12.686635720658433,4.263704432264355,51.516070068058895,-21.380428027223683,45.28837797860993,-0.9499089999999999,1.4921454591469028,0.0785366156642868,2.5355103371076653
7539,ALA_47_A_HA,56.461,-23.794,41.912,8858,LYS_51_C_HG3,56.742,-23.954,43.683,6,-12.848542658673972,3.8178040387601135,-13.01661859423403,3.907529446109875,56.91074729457873,-24.050083868799298,44.746528322772,0.459471,1.520490604568102,1.8002783118173706,2.478736465442806
7502,ALA_47_A_HA,56.053,-24.122,41.933,8804,LYS_51_C_HB2,55.992,-23.966,43.868,6,-13.144641225954723,3.3860516526658433,-12.970630164765447,3.1440609307225458,55.96129419001441,-23.88747366626638,44.84202856265762,0.6216849999999999,1.6636558115016757,1.9422363398927558,2.2207316062302556
8273,LEU_50_A_HB2,55.427,-24.404,41.438,8802,LYS_51_C_HB2,55.787,-24.321,43.868,6,-13.382106593018852,2.79305735674463,-13.3091289783032,2.9137555313885137,55.93176704004225,-24.28762315465694,44.8451775202852,0.362962,1.6518760878200163,2.457923717286604,1.983865829461907
7557,ALA_47_A_HB2,55.06,-23.532,44.783,8767,LYS_51_C_HB2,54.968,-23.461,45.387,6,-12.46095754897687,2.1609296882856825,-12.378890905741052,2.0147022761457105,55.03686028047813,-23.5141421729777,44.934917289034914,-0.593423,1.970469693995942,0.6150780438285852,1.6085890126826121
7406,ALA_47_A_O,54.432,-24.252,44.618,8761,LYS_51_C_HB2,54.407,-24.443,45.665,6,-13.132647526793292,1.4997653214577364,-13.313713249425554,1.355882775122367,54.42294865866126,-24.32115224782795,44.99707017526622,-0.959081,2.003478616422834,1.0645726842259269,2.31221255800116
7420,ALA_47_A_O,52.884,-23.627,44.715,7470,ALA_47_C_O,52.956,-23.787,45.527,6,-12.391870404813115,0.0017018958464814007,-12.551032063648513,-0.020119342833463557,52.92238066343492,-23.712290363188718,45.14784859318269,-0.8697139999999999,1.643802016676195,0.8307394296649201,1.8896446148106496
8492,LEU_50_A_HD21,53.167,-27.006,45.083,8297,LEU_50_C_HA,53.44,-26.982,50.711,7,-15.779870992180621,-0.01056968764577247,-15.736256851161079,-0.3001352379490463,53.16901196588918,-27.005823123877896,45.124477450638494,0.663569,1.9845302921997843,5.634668490692243,2.423585502171957
8482,LEU_50_A_HD21,52.154,-27.251,45.037,8309,LEU_50_C_HA,52.735,-27.164,50.315,7,-15.948007400524805,-1.0295561057815148,-15.867336464711192,-0.9738113161160024,52.17465929929569,-27.247906438831823,45.22467604420417,0.769959,1.6458772413551166,5.3105945053261205,2.829791321798686
8801,LYS_51_A_HB2,51.005,-25.313,45.915,8401,LEU_50_C_HD11,50.948,-25.422,45.227,7,-13.922546992962708,-2.1102093326546307,-14.031855272685146,-2.106295794243008,50.95788731158454,-25.40309268486467,45.34634158544146,-0.27856400000000003,1.1317147863260355,0.6989091500331097,1.7580784067632393
8727,LYS_51_A_HA,49.949,-27.01,45.351,8189,LEU_50_C_CG,50.248,-27.124,47.848,7,-15.538963274641285,-3.230232887950491,-15.657332668316409,-3.1916872985242386,49.960548745662265,-27.01440320068731,45.44744554487851,0.546389,1.786856047186879,2.517420505199717,2.5875921159730697
8810,LYS_51_A_HG2,48.918,-26.899,45.647,8493,LEU_50_C_HD13,48.994,-26.911,46.292,7,-15.348317269502882,-4.274242353783209,-15.361402956154928,-4.264187314004622,48.90697664176833,-26.897259469752917,45.55344649921804,-0.597973,1.8227401962166554,0.6495729366283698,2.488513521012298
8849,LYS_51_A_HG3,48.499,-25.634,47.127,8480,LEU_50_C_HD13,49.645,-25.71,46.957,7,-14.04472724945487,-4.741841947424524,-14.208255064667247,-3.59367337949979,80.63073395793538,-27.764900332288946,42.36051241461687,-0.215741,1.7960606915017343,1.1610305766860762,3.430407868292306
8628,LYS_51_A_CG,47.103,-25.963,46.842,7336,GLU_46_C_OE1,46.915,-24.438,52.083,7,-14.269414262113973,-6.123298793084393,-12.697086289222673,-6.717722409287649,47.14286157106459,-26.286345190816487,45.73075269175796,0.23805199999999999,2.1295782419850293,5.461597751574168,2.220165569787867
8896,LYS_51_A_HD3,46.109,-25.961,43.055,7343,GLU_46_C_OE1,46.714,-24.547,51.685,7,-14.219482177579318,-6.730980977637478,-12.793445357053916,-6.885642303534688,46.30248792757846,-25.50878193455217,45.815001347110965,0.260174,2.622325311535857,8.76597518819213,3.1977728860313115
8900,LYS_51_A_HD3,45.792,-25.589,42.746,7342,GLU_46_C_OE1,46.271,-24.659,51.685,7,-13.826830788834162,-6.986395236323252,-12.871673736966015,-7.3336382985639785,45.95830445464468,-25.26611243670241,45.84953970786801,0.45901400000000003,2.598856079132446,9.000003444443786,2.954498280435968
9228,ASP_52_A_HA,45.626,-24.993,41.616,7335,GLU_46_C_OE1,46.497,-24.621,52.083,7,-13.228104292274079,-6.9929962711473905,-12.847997807653577,-7.146300695965445,45.978107947132955,-24.8426163532337,45.84735922231991,-0.46297400000000005,2.319718050537655,10.509762794659068,3.3422653362301973
8912,LYS_51_A_HE2,45.244,-25.773,45.176,7334,GLU_46_C_OE1,46.043,-24.659,52.083,7,-13.95152495423765,-7.7867765694993984,-12.85160876977148,-7.599597430001,45.329259539523406,-25.654127500589407,45.91303083790762,0.824238,2.2875267614033596,7.041736007548136,2.8517807366064596
8877,LYS_51_A_HD3,45.005,-25.233,44.382,7341,GLU_46_C_OE1,45.817,-24.621,51.685,7,-13.40071949254816,-7.90361429038901,-12.799503604596307,-7.781170953955986,45.176909084264,-25.103433054717296,45.92812320490143,0.8890539999999999,2.4538540220895664,7.373445395471514,2.8655405355631447
8880,LYS_51_A_HD3,45.046,-24.063,43.387,7361,GLU_46_C_OE1,45.923,-23.998,50.706,7,-12.244309391106873,-7.67480239654004,-12.193311270094826,-7.530956951490902,45.34836607257965,-24.04058974376549,45.91039485200739,0.9437119999999999,2.727521159241963,7.3716426256296534,2.5588883541994787
9065,LYS_51_A_HZ2,44.309,-24.921,44.239,7340,GLU_46_C_OE1,45.399,-24.438,51.685,7,-13.038090070208002,-8.556169301934835,-12.58546932588951,-8.18199065137669,44.56525995744965,-24.807446275735625,45.98956114052302,0.8579289999999999,2.3566261817014413,7.540842459566443,2.5820871531529668
8925,LYS_51_A_HE2,44.03,-25.102,45.345,7332,GLU_46_C_OE1,45.218,-24.298,52.083,7,-13.189583711533158,-8.957181564321678,-12.429356373314649,-8.390702909172923,44.15101329677846,-25.02010211228126,46.03135319334447,0.981206,2.207055575654908,6.889006024093752,2.191403063932794
9067,LYS_51_A_HZ2,43.671,-24.852,45.242,7339,GLU_46_C_OE1,45.063,-24.129,51.685,7,-12.913934728407117,-9.284096137358478,-12.251989436396585,-8.491901679304528,43.848101261105434,-24.760014215675856,46.061729472199914,0.856292,2.234384773676118,6.631187073216987,1.9559003962140253
8677,LYS_51_A_CE,43.871,-24.277,46.117,7331,GLU_46_C_OE1,44.938,-23.938,52.083,7,-12.349427084571353,-9.129477120957542,-12.049251699812032,-8.641188177258005,43.8608476699854,-24.280225529404845,46.060234488409414,0.914097,2.2501532623908966,6.070137230738694,2.2295596395662707
9054,LYS_51_A_HZ2,43.692,-23.955,45.951,7338,GLU_46_C_OE1,44.846,-23.728,51.685,7,-12.016027588803622,-9.26605885670546,-11.835759715386155,-8.676774898984773,43.71687144429134,-23.950107610178407,46.07458133584622,0.649091,2.17436951649779,5.853375180184506,2.1097042646671444
9117,LYS_51_A_HZ3,43.413,-23.3,45.999,7290,GLU_46_C_CD,44.773,-23.185,52.298,7,-11.341504441357644,-9.497973433059549,-11.284422759033955,-8.769253483107622,43.435374231124435,-23.298108061338755,46.10262888371533,0.888844,2.0203618044334326,6.445170750259454,2.1365231364870403
9073,LYS_51_A_HZ2,43.225,-22.864,44.848,7291,GLU_46_C_CD,44.765,-22.884,51.931,7,-10.900806325233152,-9.536437760402958,-10.986313404322694,-8.717698699132733,43.49640682168346,-22.86752476391798,46.096295141548,0.807214,1.9171775372309214,7.248509432979995,1.8404854869273901
1421,PHE_28_A_CZ,39.337,-5.533,49.877,4616,ARG_35_C_HG2,39.483,-5.582,51.355,7,6.70984821585178,-12.581686732990857,6.660547959879069,-12.58820630399769,39.00740870517877,-5.422383743518889,46.54045250859037,-0.2383689999999999,2.407815742788343,1.4860016823678168,3.864682463821653
1735,PHE_28_A_HZ,38.555,-4.645,49.52,4404,ARG_35_C_CG,38.592,-4.64,50.391,7,7.651779820476526,-13.254498620061463,7.660208043906313,-13.304423363543105,38.43088007951608,-4.661772962227547,46.5981499799596,-0.6755450000000001,2.0937386818478285,0.8717998623537351,4.033350684292101
1734,PHE_28_A_HZ,38.465,-4.193,49.52,4288,GLY_34_C_HA2,37.958,-4.293,45.561,7,8.109273421214837,-13.309506777421673,8.019496511739064,-13.424588297629372,38.095125916621036,-4.265953468122074,46.63177219704672,0.39627900000000005,1.9974702543200855,3.992584376065211,4.2691637829015265
1683,PHE_28_A_HE1,39.156,-4.172,47.45,4165,GLY_34_C_CA,38.872,-4.093,43.639,7,8.063217357071663,-12.415580699026123,8.136146773607281,-12.310632368305672,39.08757635215436,-4.152966661338704,46.531822105846025,0.250967,1.8757967751503222,3.822383811183801,3.6535159180244925
1741,PHE_28_A_HZ,38.811,-3.357,49.104,4296,GLY_34_C_HA2,38.278,-3.813,44.434,7,8.91376194197936,-12.86127646785614,8.4658828398183,-12.958124846817446,38.52387859596404,-3.6026423269050496,46.58832090647671,0.7158359999999999,1.9812301260215843,4.722385520052341,3.590818160117946
1737,PHE_28_A_HZ,39.195,-3.101,49.52,4144,GLY_34_C_CA,38.729,-3.9,44.306,7,9.14300893794184,-12.502450986682181,8.344163884537497,-12.504497780684245,38.92933240786287,-3.5565116011106284,46.547487499135336,0.8264630000000001,1.9567217786923177,5.29540867167021,3.757703444408939
1340,PHE_28_A_CE2,40.578,-3.557,51.266,4258,GLY_34_C_H,39.804,-3.757,44.639,7,8.596399307531579,-11.339380338697097,8.407967646109928,-11.460407911933014,40.01415538398333,-3.7026962832084305,46.43835365588828,0.9027860000000001,2.1269373993950893,6.675043445551492,4.717113598503557
944,TYR_27_A_HD1,39.222,-2.76,46.439,3902,ARG_33_C_HG2,39.624,-2.821,40.927,7,9.458928215368104,-12.142013814846175,9.32828486002062,-11.197173284564936,39.21621963244429,-2.7591228795499925,46.51825717902252,0.8404959999999999,1.6190845526170197,5.526976479052539,2.471453930784534
1339,PHE_28_A_CE2,40.979,-3.367,51.356,3912,ARG_33_C_HG2,39.87,-3.272,40.119,7,8.756218657910951,-10.936127781209274,8.854224233124068,-10.906603092369737,40.488935437615226,-3.3250197173791114,46.39039541251786,-0.30042800000000003,2.0806747244355663,11.29199163124026,3.6559294927755
1365,PHE_28_A_CE2,41.154,-3.212,51.231,3629,ARG_33_C_CG,40.018,-3.333,39.925,7,8.89666371288428,-10.73826675836915,8.780836056265136,-10.745017954715895,40.66583566641151,-3.2639963770811584,46.37256165884555,-0.29250300000000007,2.060198560715402,11.363572193637005,3.7234868848394913
1389,PHE_28_A_CZ,40.454,-2.521,48.163,3906,ARG_33_C_HG2,39.714,-2.369,40.927,7,9.61656059207585,-11.073841943825125,9.772187435819147,-11.07360292860251,40.27488749039836,-2.484209322352083,46.41157010881425,0.900522,1.854217590130415,7.275328171292341,2.527724347364022
1386,PHE_28_A_CZ,41.214,-2.635,49.558,3674,ARG_33_C_CD,40.16,-2.647,39.508,7,9.455492784046463,-10.467848576120465,9.451152629009277,-10.510453199226477,40.87766002625435,-2.6388292976137917,46.35096324844045,0.06470600000000004,2.092577370840756,10.105125432175493,3.9495555402952314
457,TYR_27_A_O,41.374,-2.313,48.804,3631,ARG_33_C_CG,40.691,-2.367,41.857,7,9.759085785854557,-10.209367011537207,9.707071386152753,-10.197072543916033,41.130313982149715,-2.3322665372824423,46.32539565738516,0.811425,2.0956165881328666,6.9807029731969,2.8624174912619362
865,TYR_27_A_HA,40.835,-1.41,47.711,3904,ARG_33_C_HG2,40.354,-1.729,40.927,7,10.692356562232588,-10.566434817858081,10.36202037674762,-10.390117493825445,40.73951991393596,-1.4733225518802988,46.36435363023187,0.43854899999999997,1.6740505123860958,6.80850776602333,2.217943930085117
868,TYR_27_A_HA,40.615,-0.676,47.131,3634,ARG_33_C_CG,40.581,-1.612,40.699,7,11.436700864662065,-10.671087336457049,10.459911111246345,-10.133259596268863,40.611014225823055,-0.7857260185182696,46.37698530864361,0.743174,1.7727794626519957,6.49983661333114,3.2597315642264593
478,TYR_27_A_O,41.971,-1.153,48.462,3646,ARG_33_C_CG,41.167,-1.271,40.472,7,10.868218986577297,-9.494938212341603,10.7540572663374,-9.503347810244883,41.74967800437601,-1.18548258144729,46.262543849458034,0.6199300000000001,1.9089008996500318,8.03121659526127,3.0562142706532693
858,TYR_27_A_HA,41.26,0.031,47.199,4021,ARG_33_C_HD3,41.126,-0.965,38.888,7,12.093450172738729,-9.984353008403541,11.050930221102714,-9.362576490973165,41.24571133336998,-0.07520531316037005,46.31278277341772,0.9977159999999998,1.515694419944979,8.37154065868404,4.9130709316392185
598,TYR_27_A_CD2,42.238,-1.002,41.356,4034,ARG_33_C_HD3,41.852,-1.038,37.761,7,10.947745273074204,-8.508714299055987,10.915254063009527,-8.535260538779324,42.75395698764032,-0.9538796591837919,46.16135070095065,0.361502,1.5613826823483516,3.615842502100996,3.365265193493076
49,GLU_26_A_C,41.735,1.025,45.711,4020,ARG_33_C_HD3,41.51,-0.709,38.888,7,13.03806787572071,-9.289066812123924,11.277198668628033,-8.962193152032903,41.75314235941313,1.1648171165438792,46.26115697011465,0.854838,1.7379376388038814,7.043487062528049,4.6355519377862615
1026,TYR_27_A_HE2,42.781,0.42,41.593,4024,ARG_33_C_HD3,41.962,-0.619,38.472,7,12.326346757234798,-7.885829496469478,11.32983231624115,-8.465378922652198,43.947938185317554,1.9004014341208308,46.039903634158875,0.087666,1.458122302753392,3.3898263967347955,2.6888347273905913
695,TYR_27_A_CE2,42.823,0.957,42.625,4030,ARG_33_C_HD3,41.731,-0.788,38.08,7,12.866017869132266,-7.906528865332444,11.175954199207794,-8.668211883035134,43.65062869204979,2.2795385234678633,46.06966337487757,0.28613399999999994,1.4804468396682053,4.989440249166234,3.6110499497169544
588,TYR_27_A_CD2,43.201,0.951,43.304,4019,ARG_33_C_HD3,41.962,-0.619,38.888,7,12.83635561989985,-7.5998002611550755,11.33281086467831,-8.5069367804185,43.968043647179876,1.9229600694692688,46.03786985144983,0.32337,1.42524442935586,4.847790940211843,3.447766890333976
285,GLU_26_A_HA,43.738,1.341,43.73,4015,ARG_33_C_HD3,42.193,-0.788,39.28,7,13.187735879403185,-7.080019049856148,11.149662535174661,-8.329738801371354,44.51990892951221,2.4184654439686217,45.98210015296397,-0.295392,1.1423314487373206,5.1693487017224875,2.60296844552336
324,GLU_26_A_HA,44.591,2.029,43.836,4029,ARG_33_C_HD3,42.193,-0.788,38.08,7,13.810106808426859,-6.192164498759727,11.141070568529011,-8.20986036550702,45.446129062831474,3.0335448582136433,45.88859503155045,0.7528269999999999,1.217770367387783,6.842326285701378,3.59633425222392
336,GLU_26_A_HB2,46.257,1.392,48.585,4023,ARG_33_C_HD3,42.414,-0.709,38.472,7,13.083151803874,-5.062052137816334,11.205962972715508,-8.023774316246207,45.240581420898764,0.836315525711258,45.91025602642447,-0.41682699999999995,2.262585144776705,11.0206904956087,4.405314551821271
406,GLU_26_A_HG2,45.992,2.59,43.99,4018,ARG_33_C_HD3,42.414,-0.709,38.888,7,14.264810098376671,-4.775064801101543,11.208941521152667,-8.065332174012509,47.19949121357902,3.703335246952842,45.7118055259028,-0.225235,1.4578243119889716,7.050949510526934,3.0162077914671097
427,GLU_26_A_HG2,47.057,2.239,43.736,275,GLU_26_C_OE2,51.498,2.669,44.564,7,13.832588899036567,-3.7197219371743326,13.931958024133504,0.6361032571096976,53.99000937097454,2.9102889055436,45.02862142741881,-0.348624,1.9745455618788021,4.537947223139551,1.6225452239507958
105,GLU_26_A_CG,47.515,3.669,44.43,281,GLU_26_C_OE2,51.554,2.891,44.166,7,15.228857431808539,-3.2262128361948132,14.14624060180284,0.7482578751287856,83.01568007868306,-3.169209730432131,42.10957921743689,-0.16017100000000006,2.0684622835214546,4.121710931154684,2.03274638502841
121,GLU_26_A_CD,48.064,4.253,45.446,178,GLU_26_C_CD,51.765,3.777,43.958,7,15.776997221459606,-2.738753052471948,15.012267648706313,1.0455675278215206,47.47172578963793,4.329174689038752,45.684125918675704,-0.026273999999999992,2.022673285301869,4.017228024396923,2.2982139537765187
186,GLU_26_A_OE1,49.047,3.846,48.656,274,GLU_26_C_OE2,51.646,3.101,44.564,7,15.319930931552227,-2.1150589230960604,14.351538876387442,0.8156987156751596,51.17074604182028,3.2372309345301806,45.31226440818447,-0.36338299999999996,1.8406176265609988,4.904517305505202,2.492165200349591
162,GLU_26_A_CD,49.192,3.663,45.497,273,GLU_26_C_OE2,51.678,2.901,44.947,7,15.103891355142766,-1.6695033218018318,14.152441030668195,0.7940161781431414,49.073893257048404,3.6992016645732773,45.52312981038753,-0.6439889999999999,1.8751938086911881,2.6576944895905514,2.716932507122549
146,GLU_26_A_CD,49.672,3.673,46.682,152,GLU_26_C_CD,51.679,3.235,44.13,7,15.08610438567569,-1.3109154769570155,14.479553795562598,0.9019571248548377,50.713057937729054,3.445803499389492,45.358243220187084,-0.74271,1.7582688607231693,3.2760642545591225,2.1194699008321884
4040,ARG_33_A_HD3,60.243,0.648,50.991,494,TYR_27_C_O,59.312,0.46,41.377,7,11.302499028930068,8.516714787250379,11.116500360479941,8.539234590569244,59.610926617157176,0.520363269630034,44.463874862888396,0.881534,1.4420852271664857,9.660802295875841,2.2846742091780796
3656,ARG_33_A_CG,60.661,0.248,49.391,717,TYR_27_C_CE2,60.596,0.15,49.22,7,10.860633827540324,9.060914437766732,10.766599615308019,9.006077801786308,58.81893200602905,-2.529271744755981,44.54494420047681,-0.817855,0.9271836712853789,0.207533129885328,2.908889515745171
4007,ARG_33_A_HD3,61.484,0.21,51.186,882,TYR_27_C_HA,60.526,0.11,42.315,7,10.773454244151507,9.695214885156423,10.682560619249783,9.623397376261671,60.74574443221556,0.13293783217282729,44.34981509205032,0.855605,1.4610122199613604,8.92313874149674,3.2006771670481315
3665,ARG_33_A_CD,61.934,-0.256,50.893,588,TYR_27_C_CD2,61.651,-0.183,48.156,7,10.272721046377294,10.135588583291474,10.347282049380796,10.13378275792486,61.252187198988324,-0.08012602659414436,44.29893061353715,-0.02986600000000007,1.0909198337153458,2.7525600810881508,3.4215256747562552
3911,ARG_33_A_HG2,62.386,-0.364,48.932,888,TYR_27_C_HA,61.837,-0.315,43.374,7,10.116862843400627,10.771729357118268,10.167379207504434,10.786018160791473,61.92171500159845,-0.3225610839313605,44.231642948787204,0.9853810000000001,1.6739205657648855,5.5852632883329685,2.847771028651004
3882,ARG_33_A_HG2,62.472,-1.198,48.539,1381,PHE_28_C_CE2,61.581,-1.168,39.811,7,9.275957684595632,10.83305721131904,9.310654610574204,10.82328468809329,62.03119619626597,-1.1831581210863868,44.2210026947355,0.681155,1.3365265752023356,8.77341239199435,2.9989930919837056
3584,ARG_33_A_C,62.495,-1.975,47.527,955,TYR_27_C_HB3,62.224,-1.806,45.353,7,8.492213182590556,10.898042938006235,8.665622669389814,10.859180322145923,62.08227930858172,-1.7176206758313979,44.21609674116852,-0.546151,1.8228283787777224,2.1973342940936407,2.56820007410261
3585,ARG_33_A_C,62.964,-2.307,48.702,1732,PHE_28_C_HE2,62.151,-2.264,38.68,7,8.134170250842395,11.220778284550905,8.16667528428354,11.41864465792595,62.59592281315666,-2.2875322029098735,44.16464505960147,0.38098600000000005,1.5506298453224794,10.055013774232235,3.8544831939343136
4287,GLY_34_A_HA2,64.106,-1.837,45.781,1749,PHE_28_C_HZ,63.734,-1.749,42.386,7,8.49567471158493,12.68121010975295,8.587201254618172,12.657978120009785,63.914325812962886,-1.7916577191955105,44.0317154166909,0.11413800000000002,1.2784964209130085,3.416453277889216,3.330527605074695
4221,GLY_34_A_H,63.253,-2.729,44.272,1703,PHE_28_C_HE1,63.238,-2.613,44.633,7,7.659845930038674,11.918041429351728,7.77922914647626,11.875894261364405,63.26023010367467,-2.784912801750802,44.09799550489618,-0.629898,1.5481093806073516,0.379475954442443,2.1212236042608197
4290,GLY_34_A_HA2,65.01,-1.837,45.365,1772,PHE_28_C_HZ,64.247,-2.017,41.17,7,8.424439015672403,13.619628945539654,8.272532237303606,13.268077736455998,64.75216695264356,-1.8978256206083246,43.94742511971135,0.401621,0.8567366564521975,4.267621585848493,2.982786803442639
3576,ARG_33_A_C,63.921,-3.152,47.965,1695,PHE_28_C_HE1,63.449,-3.167,43.821,7,7.214068285721825,12.17975859973685,7.205079253560739,12.124328605108277,63.47807127617887,-3.1660761246976956,44.07623595018064,0.6301080000000001,1.314296546980144,4.170820662651422,2.5289023957598906
4606,ARG_35_A_HG2,63.597,-3.056,40.643,1463,PHE_28_C_CZ,63.532,-2.935,40.448,7,7.281830301904394,12.597056473366129,7.40599345682321,12.561227053773221,64.70067577406945,-5.1105349024983475,43.9540273222081,-0.9068590000000001,1.1055521285634227,0.238518343110128,3.9898851940665807
4478,ARG_35_A_H,64.787,-2.646,44.116,1776,PHE_28_C_HZ,64.157,-2.469,41.17,7,7.625664171747911,13.461806381287618,7.828629661505079,13.144507380493565,64.75104426731943,-2.6358981512944952,43.94786414527464,-0.467688,0.970507028590833,3.0178046656468673,3.587217874455949
4364,ARG_35_A_CG,64.279,-2.809,38.449,1767,PHE_28_C_HZ,64.157,-2.469,41.586,7,7.460914996589035,13.51158161411875,7.831608209942238,13.102949522727261,64.06245730011864,-2.2055203445929115,44.01698729121178,-0.800972,0.9502621547654437,3.157729089076516,3.4041937335205783
4526,ARG_35_A_HB2,64.707,-2.946,42.37,1754,PHE_28_C_HZ,64.023,-2.751,41.614,7,7.320067416514085,13.534108335312807,7.560738706839092,12.9458228115904,66.01935536090234,-3.3201363967484703,43.82049803047102,-0.6830679999999999,1.1293207068951765,1.0379869941381716,3.8936712688997375
4380,ARG_35_A_CG,63.39,-3.814,38.615,1462,PHE_28_C_CZ,63.321,-3.349,40.448,7,6.527122851406516,12.536796639500418,7.0091176172557885,12.320494292065678,63.183317072667236,-2.4211367940618436,44.105576895665855,0.013577999999999979,1.1826637398190023,1.8923200046503748,3.4262583143410574
4796,ARG_35_A_HE,64.467,-3.52,36.771,1753,PHE_28_C_HZ,63.947,-2.846,41.158,7,6.725753411411989,13.811802490499495,7.468485824156584,12.90877170217819,63.602621775790865,-2.3996328401596827,44.063360133856726,-0.648348,0.9400579468832339,4.468830383892412,2.944555202795878
4323,GLY_34_A_HA3,64.844,-4.399,47.643,1454,PHE_28_C_CZ,63.618,-3.565,41.21,7,5.898662797613057,13.03306051659332,6.776770477434027,12.522643914024105,64.1513939860163,-3.9278471324123907,44.008795686821294,0.20146500000000003,1.16471143940511,6.601675620628446,3.292791553617529
4408,ARG_35_A_CD,63.657,-4.906,37.902,1460,PHE_28_C_CZ,63.287,-3.727,40.809,7,5.41300309746997,12.790095162640736,6.637358327711993,12.22203065871123,62.863317728686496,-2.3769421678955935,44.13776854786045,-0.44177299999999997,1.3146769830373946,3.1587323406708547,3.5691968204806894
4321,GLY_34_A_HA3,65.72,-4.598,46.16,1441,PHE_28_C_CZ,63.841,-3.158,42.056,7,5.623474757595365,14.035199596883244,7.171817747507137,12.690236710688472,64.70934442265748,-3.8234688497215306,43.95258622170639,0.972805,1.0143373127377806,4.737832521311827,3.205689573356296
4445,ARG_35_A_CZ,65.089,-4.689,35.384,1455,PHE_28_C_CZ,63.841,-3.158,41.21,7,5.503225100648525,14.47878932571968,7.165760411021954,12.77475100797283,63.2215590177008,-2.398092833413385,44.10171727794485,-0.622013,0.7580555969819549,6.151726668180244,2.2765169861686205
4426,ARG_35_A_CZ,64.482,-5.451,36.879,1461,PHE_28_C_CZ,63.582,-3.365,40.809,7,4.799956031214559,13.669441870618417,6.976041466430028,12.542156216686912,62.81873794565841,-1.5959281718260383,44.14191097062495,-0.3817060000000001,1.3284331890268173,4.539415821446632,3.5311388727016637
4736,ARG_35_A_HD3,64.196,-5.938,37.309,1346,PHE_28_C_CE1,63.477,-3.58,42.959,7,4.339032171258727,13.305808406284976,6.784982776724899,12.20689694454839,63.33296888105969,-3.1076420327381795,44.090816164134544,-0.42159,1.1203679651019505,6.164383586377479,3.250267927386377
4305,GLY_34_A_HA3,65.564,-6.396,44.786,1450,PHE_28_C_CZ,63.541,-3.736,41.633,7,3.832594687636673,13.881326395264312,6.615105621525958,12.391025668845915,65.01035454075135,-5.668023271576169,43.923101268902144,0.313269,1.4940111544810344,4.594511725961745,4.1043855606336574
4733,ARG_35_A_HD3,64.573,-7.022,38.044,1415,PHE_28_C_CZ,63.411,-3.679,42.469,7,3.2349513880369893,13.524191675633205,6.687742919389091,12.182860046776739,62.97574941352378,-2.4268117809035794,44.12647318860354,0.18147299999999994,1.2536508827069697,5.666261377663408,3.8233541208363064
4685,ARG_35_A_HD2,66.291,-6.877,40.612,1451,PHE_28_C_CZ,63.801,-3.359,41.633,7,3.2682017655028845,14.98308177756976,6.971388254502499,12.677565274109568,56.02428016269524,7.62834955326838,44.82176745136073,0.98985,1.6361391691727307,4.429318796383929,5.157854809417249
4668,ARG_35_A_HD2,65.812,-7.345,40.2,1440,PHE_28_C_CZ,63.618,-3.565,42.056,7,2.834767081535806,14.513528184999402,6.78282781391921,12.438129616739747,60.92871370545838,1.0683191400945065,44.330984212702475,0.925436,1.6110419543428465,4.748344132431848,5.102721390989404
4803,ARG_35_A_HH11,65.003,-8.028,38.305,1453,PHE_28_C_CZ,63.3,-3.903,41.21,7,2.2012503100186263,13.8484241432165,6.463754841623976,12.18152022581831,61.50418084862076,0.4468261887489011,44.27333214019771,-0.14841800000000002,1.393360190944187,5.324928074631621,3.7467599924008077
5536,LYS_40_A_HE2,65.134,-16.878,45.273,9142,LYS_51_C_HZ3,62.072,-20.631,43.913,7,-6.583259278736734,12.611083709802458,-10.103988505728482,9.42448770033158,62.64499438753578,-19.928698257210403,44.167497833784665,0.04804599999999998,0.8762788029713741,5.030949512765956,2.528153464218522
5612,LYS_40_A_HZ2,65.221,-17.596,46.018,9117,LYS_51_C_HZ3,62.359,-20.597,45.432,7,-7.300426013806846,12.568516754422433,-10.080880573572516,9.560053765492666,58.32003673954141,-24.8321253475319,44.6050145106119,-0.28438399999999997,0.7447814782468511,4.188130967388677,2.3287110391160692
5624,LYS_40_A_HZ2,64.999,-17.892,48.305,9105,LYS_51_C_HZ3,62.254,-20.694,45.695,7,-7.562436313918234,12.097352032852562,-10.167790010439269,9.422252824276322,60.83964199424925,-22.137727188383835,44.350200584696005,0.354977,0.8899230817067489,4.711510267419565,2.875832275762923
5626,LYS_40_A_HZ2,64.904,-18.3,48.096,9121,LYS_51_C_HZ3,62.515,-20.596,45.04,7,-7.963584530207326,11.99303708837293,-10.094469051293597,9.754057942561353,61.8925744315773,-21.19419552327273,44.24379550560913,-0.023678000000000032,0.7048909293436046,4.507557320766977,2.6733601790996686
6272,GLU_43_A_OE1,64.358,-18.734,42.166,9127,LYS_51_C_HZ3,62.605,-21.048,44.624,7,-8.397566990708055,12.01083227907691,-10.554941200469067,9.850623957687864,62.95243131537419,-20.58938273600921,44.13684302727338,0.173055,0.6561304638404669,3.8038623792140585,2.1180523070660797
6209,GLU_43_A_CD,63.902,-19.064,41.265,9128,LYS_51_C_HZ3,62.515,-20.596,44.624,7,-8.69863701837289,11.623413868038936,-10.097447599730756,9.795615800327655,62.70594944046245,-20.385088289265713,44.1615636838404,-0.24149999999999996,0.524669111332499,3.943814650817152,2.1173294084234002
6385,GLU_43_A_HG2,62.818,-19.638,39.849,9136,LYS_51_C_HZ3,62.359,-20.597,44.232,7,-9.199274053913927,10.645896968629009,-10.089472540218166,9.679932201357001,62.36274903161771,-20.58916705594472,44.19620042357209,0.36818400000000007,0.7769990757358145,4.510105431140166,2.373651703687324
7295,GLU_46_A_OE1,60.562,-22.578,39.189,8708,LYS_51_C_CE,61.131,-22.49,43.091,7,-11.965190602730402,8.250667242973293,-11.892468600676837,8.432043248015123,61.30776948035747,-22.462661310594992,44.30322234157267,-0.340569,0.6090516067371587,3.944250118843886,1.8046854611707808
7285,GLU_46_A_OE1,59.361,-22.868,39.45,9223,ASP_52_C_HA,60.32,-22.887,48.512,7,-12.161804214009052,7.011083647556505,-12.188275780163309,7.055787274595756,59.88972484562607,-22.87847525762973,44.446146560024445,-0.19863199999999998,0.6970878573986121,9.112622344857707,2.126574430988846
7520,ALA_47_A_HA,56.696,-24.416,42.884,8859,LYS_51_C_HG3,56.866,-24.457,43.697,7,-13.479535435008062,3.9066722427721845,-13.527432251841057,3.991002518536904,57.081898527564874,-24.50906964488331,44.729502958295555,0.22798000000000002,1.5113635091315296,0.8315948532789297,2.5212372340230242
8435,LEU_50_A_HD13,56.568,-25.172,42.993,8778,LYS_51_C_HB2,56.667,-25.046,44.025,7,-14.222912735410539,3.7114567059431005,-14.097361630109017,3.716135669073114,56.7379236013402,-24.955733598294316,44.7643248139705,0.6169339999999999,1.5929749391370311,1.0443663150446751,2.3080202860807564
8270,LEU_50_A_HB2,56.29,-25.392,42.732,8627,LYS_51_C_CB,56.539,-25.381,44.259,7,-14.423157231341754,3.4450401821350156,-14.42005655531112,3.540362757134489,56.62331231327572,-25.377275359654508,44.776047800690826,0.24515700000000007,1.4996969877756605,1.5472074844700063,2.2151861196195926
8281,LEU_50_A_HB2,55.889,-25.782,42.0,8615,LYS_51_C_CB,56.253,-25.746,44.745,7,-14.786997216738683,3.090753959825272,-14.758930857777585,3.180387828879741,56.26196193895502,-25.745113654389076,44.81258385283385,0.18217400000000006,1.5101710880931962,2.769262898317887,2.2437455420636785
8284,LEU_50_A_HB2,55.422,-25.869,41.435,8563,LYS_51_C_CA,55.939,-25.857,45.004,7,-14.842530852680037,2.6772863384069128,-14.844047919764535,2.834575182464337,55.91631892113378,-25.857526446704842,44.847425975873236,0.32798499999999997,1.559728035375855,3.606271481738441,2.0247931330908777
8144,LEU_50_A_CB,54.784,-25.847,40.981,8777,LYS_51_C_HB2,55.354,-25.769,45.225,7,-14.775672214604015,2.0913472762796883,-14.710548204393655,2.238791598551503,55.31146146279859,-25.774821062985474,44.90827447038107,0.522957,1.9690829499378262,4.282816830078074,2.1192036826656233
8140,LEU_50_A_CA,54.362,-26.088,40.489,8504,LEU_50_C_HD21,54.693,-26.143,45.555,7,-14.987637357113213,1.7035518347763938,-15.031198904211633,1.521679709276524,54.655071984207225,-26.136697761726293,44.974506561914716,0.1822089999999999,1.7107115655234542,5.077099762659783,2.6117723391284704
8134,LEU_50_A_CA,53.749,-24.849,39.682,8342,LEU_50_C_HB3,54.263,-24.888,45.665,7,-13.711699200112122,1.2699806852642366,-13.74655868009197,1.1792697671434724,54.207502564295275,-24.883789105073006,45.01900552953044,-0.12328000000000006,0.9191107537885745,6.00516494361312,2.9775563530332216
8257,LEU_50_A_HA,53.509,-26.508,39.726,8503,LEU_50_C_HD21,54.314,-26.418,45.555,7,-15.34748431784012,0.9016566888482113,-15.276790153829404,1.124815864934339,54.23962531973647,-26.42631518164439,45.0164534021663,0.666474,0.9786426016602907,5.8850119795969835,2.5772521800422235
8305,LEU_50_A_HB3,53.161,-25.996,44.719,8350,LEU_50_C_HB3,53.321,-25.935,45.553,7,-14.774933326944705,0.09644239223615302,-14.720218521660616,0.17648976714008013,53.237381101321866,-25.96687970512106,45.117136490640235,-0.9966369999999999,1.623387935011401,0.8513970871455883,2.1693121107929123
8225,LEU_50_A_CD2,53.33,-28.712,45.401,8277,LEU_50_C_CD2,53.146,-28.701,44.832,8,-17.490987696473432,-0.010013105227320768,-17.47020035663427,-0.13488339707761227,53.23855881709425,-28.7065334075437,45.11822808112297,-0.9010549999999999,1.5392134579364936,0.5981120296399346,2.9297049067050307
8504,LEU_50_A_HD21,52.666,-27.496,45.367,8294,LEU_50_C_HA,53.095,-27.559,50.241,8,-16.22859784283764,-0.5731475848379114,-16.288910619936626,-0.6392198262441935,52.64927739946458,-27.493544233487825,45.17700942888203,0.486754,1.473042291141923,4.893249022888578,2.899686851378696
8507,LEU_50_A_HD21,52.1,-27.851,45.158,8252,LEU_50_C_CD1,51.862,-27.851,44.4,8,-16.54133553499249,-1.1407232860893162,-16.5287924387255,-1.301120552828284,52.12266226764113,-27.851000000000017,45.230176465848615,-0.957654,1.4817719178043292,0.7944859973593014,2.3586245739152814
8499,LEU_50_A_HD21,51.646,-27.497,44.88,8416,LEU_50_C_HD11,51.545,-27.378,44.263,8,-16.156066060973522,-1.5365176715846613,-16.034200448665754,-1.566057230176563,51.71010013530673,-27.572523921797064,45.271582014695596,-0.997816,1.4771039989491985,0.6364361711908,2.39359002257138
8718,LYS_51_A_HA,50.912,-28.111,44.28,8385,LEU_50_C_HG,51.333,-28.121,49.196,8,-16.71717233870642,-2.25134963485684,-16.723733009211458,-2.3255347579102397,51.003033477314084,-28.11316231537565,45.342994238660395,0.642718,1.5060346865106384,4.934004154842188,2.2907122977305496
8724,LYS_51_A_HA,50.438,-27.8,44.793,8249,LEU_50_C_CD1,50.247,-27.619,44.4,8,-16.367605358356688,-2.7492672013839456,-16.175518980617905,-2.8857710499822864,50.71917662743059,-28.066455338036327,45.371546673194864,-0.735847,1.4649009208582233,0.4729598291609995,1.7700309371770033
8730,LYS_51_A_HA,49.491,-28.485,44.436,8219,LEU_50_C_CD1,49.869,-28.492,47.297,8,-16.981684546164473,-3.705077318293763,-16.996720855710535,-3.616403513136424,49.62912750991774,-28.487557916850346,45.48145715839855,0.785942,1.4789726317493317,2.8858714455082684,1.7552124790284138
8710,LYS_51_A_HA,49.031,-28.18,44.391,8227,LEU_50_C_CD1,49.277,-28.08,45.689,8,-16.64315262800837,-4.133817031059143,-16.552721418406634,-4.011843923640114,49.24496182664968,-28.0930236477034,45.519953052810074,0.538167,1.6268385781917005,1.324884900661188,1.9988553416351187
8738,LYS_51_A_HA,48.816,-27.399,45.187,8496,LEU_50_C_HD13,49.047,-27.363,45.9,8,-15.842469108073164,-4.367405014274724,-15.818909555315416,-4.2067266731117146,48.93391321098981,-27.380623915170442,45.55094856898585,-0.20427599999999999,1.6213730951005252,0.7503505847268989,2.212041122812171
9383,GLN_54_A_O,47.951,-28.358,43.927,8211,LEU_50_C_CD1,49.198,-28.045,45.989,8,-16.742416005719942,-5.172435194722442,-16.509709288659664,-4.117535147996169,48.93331864218507,-28.111435657575058,45.55133122709353,-0.19516799999999998,1.6622803446851648,2.429983950564281,2.1183345054532863
8706,LYS_51_A_HA,47.839,-28.013,44.093,8495,LEU_50_C_HD13,48.994,-27.815,46.292,8,-16.388764528406476,-5.27396801443499,-16.262799132691768,-4.332749512606838,48.62140895885031,-27.8788727499114,45.58262536840851,-0.10452600000000001,1.7179488945301016,2.4917523954036835,2.319495312078498
8558,LYS_51_A_O,47.297,-28.54,43.551,8490,LEU_50_C_HD13,49.25,-28.199,46.708,8,-16.877203210225563,-5.79751200137906,-16.662043993042044,-4.149452806092201,48.55789064644285,-28.319844490303648,45.58921391235026,0.6149159999999999,1.5628870967853112,3.727886666732237,2.0426054959271838
8555,LYS_51_A_O,46.97,-28.682,42.333,8212,LEU_50_C_CD1,49.279,-28.279,46.348,8,-17.002824686729067,-6.011022747399525,-16.746580821309777,-4.090785743834651,48.827055135408784,-28.35787993955405,45.562136582358704,0.878196,1.6231049688273358,4.649098299670596,2.2096224868304835
8818,LYS_51_A_HG2,47.383,-27.294,45.019,8210,LEU_50_C_CD1,49.186,-27.694,45.728,8,-15.630774758991423,-5.76434189016742,-16.160682970902737,-4.076745880260796,48.77634044733571,-27.60311601715714,45.56690814041099,0.41656999999999994,1.8030156792183005,1.9782542809254813,3.1000965285705693
8565,LYS_51_A_O,46.708,-27.757,41.527,8489,LEU_50_C_HD13,48.994,-27.815,46.708,8,-16.066477442981906,-6.120280440603744,-16.25982058425461,-4.374307370373141,48.5027106844486,-27.802535091731443,45.594539832077075,0.9583309999999999,1.8462769517654993,5.663207659975042,2.080590620457662
8817,LYS_51_A_HG2,47.028,-27.093,44.925,8488,LEU_50_C_HD13,48.904,-27.363,46.708,8,-15.4042222224432,-6.091903453928323,-15.802326983516293,-4.42931552773335,47.80597630399583,-27.204968871044194,45.664409248413925,0.604592,2.2121901112925095,2.6021846590893625,3.005275635466669
8544,LYS_51_A_O,46.791,-26.915,43.822,8494,LEU_50_C_HD13,48.904,-27.363,46.292,8,-15.216737522033641,-6.203343488576192,-15.805305531953453,-4.387757669967047,48.32264025796225,-27.239739628758695,45.612417149629316,0.7630699999999999,2.173636400870953,3.2812151712437303,3.445762117084269
8572,LYS_51_A_O,46.366,-27.081,42.473,8487,LEU_50_C_HD13,49.15,-27.814,47.1,8,-15.35982826881665,-6.502813820184915,-16.267795643767197,-4.258623771402486,48.25889371111502,-27.57938042034747,45.618983908523425,0.819588,2.085146701290628,5.449502179098565,3.010337247920213
8823,LYS_51_A_HG2,46.575,-26.563,45.041,8486,LEU_50_C_HD13,49.047,-27.363,47.1,8,-14.84071416415101,-6.512717430365775,-15.810317588669767,-4.326605108976051,47.375299029506714,-26.82199644967856,45.70759211236016,0.5668000000000001,2.3808064875000383,3.315156859033972,3.403233208939478
8918,LYS_51_A_HE2,45.589,-26.087,46.118,8482,LEU_50_C_HD13,49.315,-27.363,47.419,8,-14.283925299482286,-7.562420403759166,-15.828269083557922,-4.092589228896271,45.07546799022827,-25.911136649364288,45.93869105080166,0.10131899999999999,2.3056925880787973,4.147752765052418,4.143265506000509
8931,LYS_51_A_HE2,44.94,-25.604,47.009,8209,LEU_50_C_CD1,49.246,-27.279,45.605,8,-13.746933770908502,-8.258672656559192,-15.752289328441584,-3.9734572663577703,49.62509134388306,-27.426463539480768,45.481394740638216,-0.222991,1.9274873635881364,4.828920893947223,4.130819455543661
551,TYR_27_A_CD1,38.472,-2.356,45.158,4295,GLY_34_C_HA2,37.186,-4.543,44.85,8,9.909221905937821,-12.72748009482648,7.823416251276709,-14.138424510975211,42.68125470717813,4.802351512129535,46.16612632178139,0.576535,1.7926077287210815,2.555705186440722,2.8367995989667953
660,TYR_27_A_CE1,37.846,-1.693,44.271,4557,ARG_35_C_HB2,36.977,-4.684,48.784,8,10.611227912543024,-13.209642334354555,7.726770399331198,-14.749469361988341,37.37759600898565,-3.305193713606331,46.70357446656818,-0.618193,2.2483836917530726,5.483467060172787,3.626406263808601
670,TYR_27_A_CE1,38.209,-1.824,43.024,4633,ARG_35_C_HG3,37.619,-4.701,51.592,8,10.444268184217156,-12.734870775897646,7.6814499113701675,-14.394344204440912,37.9596639741962,-3.039830078368729,46.64486621879158,-0.957966,2.1507416290327397,9.057364572545369,2.908398009561482
1011,TYR_27_A_HE1,37.061,-0.748,44.3,4653,ARG_35_C_HG3,36.941,-4.418,50.903,8,11.612985604386823,-13.919668367867562,8.009894416127565,-14.976696127397545,37.01666788048203,-2.1038239885912167,46.739374876476255,0.030275999999999997,1.9230812747527057,7.5553232227350815,3.0091880481723097
952,TYR_27_A_HD1,39.115,-1.795,46.583,4656,ARG_35_C_HG3,37.845,-4.418,50.487,8,10.430258836695133,-12.189365602146625,7.938658720215041,-14.038277291610857,39.13349653612747,-1.7567980990060148,46.52614135666013,-0.29249400000000003,1.8742486438319403,4.871780475349853,2.6216442324273816
677,TYR_27_A_CE1,38.358,-1.263,42.363,4548,ARG_35_C_HB2,37.295,-4.761,49.403,8,10.987669225845748,-12.478466410992437,7.630413397247035,-14.501657870068613,37.70760725482863,-3.4032387795008576,46.67039880151119,-0.359944,2.2892038588616357,7.9326901489973745,3.3874795560194317
741,TYR_27_A_CZ,38.396,-0.983,42.156,4646,ARG_35_C_HG3,37.276,-4.75,49.46,8,11.262511401230181,-12.398851393224646,7.6432244401582095,-14.525367775415711,37.703705207142804,-3.311459361333096,46.67075104199019,-0.42386699999999994,2.3370240067388477,8.29416089788473,3.5185312534086943
760,TYR_27_A_CZ,38.186,-0.414,41.964,4551,ARG_35_C_HB2,36.995,-4.753,49.103,8,11.844353971322729,-12.5448576956762,7.658894071133085,-14.768712371519898,37.39559956754116,-3.2935528769428006,46.70175708423479,-0.371599,2.411161335115647,8.43864461865767,3.6456667910394014
779,TYR_27_A_OH,37.991,0.039,41.835,4648,ARG_35_C_HG3,37.162,-4.497,51.295,8,12.309849153192486,-12.691073877479162,7.917241913352977,-14.80259329426412,37.5660583071419,-2.2861333158073722,46.684153696547156,-0.45870999999999995,2.196163182099178,10.523979142890774,2.9609609558386225
790,TYR_27_A_OH,37.638,0.617,41.808,4658,ARG_35_C_HG3,36.941,-4.418,50.487,8,12.912644509935323,-12.994751584407965,8.006915867690406,-14.935138269631242,37.24379884797576,-2.230636729472094,46.71656785999771,0.08546999999999998,2.28626896027908,10.057935921450287,3.2586536460829496
545,TYR_27_A_CD1,39.859,-0.575,46.398,4294,GLY_34_C_HA2,37.442,-4.159,44.85,8,11.589243995878492,-11.34023119069364,8.186980744679863,-13.855322415138408,39.93259349694715,-0.4658733582711627,46.44513394012172,0.6284879999999999,2.446069410130404,4.591649921324579,4.137782066513085
649,TYR_27_A_CE1,38.743,0.669,45.333,4661,ARG_35_C_HG3,37.162,-4.497,50.095,8,12.906299842509611,-12.246676995246341,7.908649946707327,-14.682714858399784,38.319833828287926,-0.713717547795416,46.60758400360082,0.14127099999999992,2.5386906068506865,7.2016498804093505,4.222072758986982
657,TYR_27_A_CE1,38.623,1.188,44.672,4634,ARG_35_C_HG3,37.121,-4.662,51.541,8,13.428132889952725,-12.260333709355267,7.757574255362581,-14.880358708647503,38.197079863614476,-0.4708766963084472,46.619833166998774,0.995728,2.507181885724699,9.146675078956285,3.8738042798904413
537,TYR_27_A_CD1,40.369,-0.002,46.018,4298,GLY_34_C_HA2,37.442,-4.159,44.434,8,12.119364870094653,-10.752839112342352,8.184002196242705,-13.813764557372105,40.965150360977454,0.844667936653003,46.34061775599191,0.464406,2.567585286484732,5.325132298826012,4.221416052065301
651,TYR_27_A_CE1,39.655,0.988,45.033,4657,ARG_35_C_HG3,37.393,-4.328,50.487,8,13.153371830735054,-11.287715623770634,8.062528063740682,-14.479881898016849,39.03171779294561,-0.4767958500004863,46.53582102443619,0.6244379999999999,2.610122898764841,7.944974260499528,3.959482118113641
813,TYR_27_A_OH,39.268,1.299,40.664,4562,ARG_35_C_HB2,36.977,-4.684,48.368,8,13.461414831393842,-11.21161480561706,7.723791850894039,-14.707911504222038,37.47486484020882,-3.383814343531477,46.69381810171596,0.330376,2.25677500161097,10.019809678831232,4.241175655386112
773,TYR_27_A_OH,39.764,1.157,40.844,4651,ARG_35_C_HG3,37.845,-4.418,50.903,8,13.283661809780057,-10.748283282394274,7.941637268652198,-14.079835149377159,38.67109095037398,-2.0180744927905456,46.572802569144436,0.08460499999999999,2.161487472934433,11.659616931957926,3.2761564925525426
620,TYR_27_A_CE1,40.917,0.747,44.804,4561,ARG_35_C_HB2,37.429,-4.774,48.368,8,12.816138172034588,-10.031083220049014,7.599922507368396,-14.266306897816039,39.24223035885814,-1.9039183453968407,46.51526118148785,0.7205820000000001,2.5206368555994834,7.439736621682249,3.635637475598875
1108,TYR_27_A_HH,39.38,2.34,41.092,4643,ARG_35_C_HG3,37.147,-4.623,49.877,8,14.494024232304545,-11.064303219552635,7.7825845804752065,-14.685374720973869,37.96890065142394,-2.060127525362794,46.64350370678045,0.626674,2.1614611648985798,11.430043000794008,4.065398121493797
1104,TYR_27_A_HH,39.824,2.402,41.301,4652,ARG_35_C_HG3,37.393,-4.328,50.903,8,14.523817557497788,-10.639986106253593,8.065506612177842,-14.52143975578315,38.484631659460874,-1.3059181126401969,46.59125701598385,0.209496,2.0665685001440455,11.97501837159342,3.4054592942231765
681,TYR_27_A_CE2,41.301,1.224,44.062,4281,GLY_34_C_HA2,37.23,-4.78,45.265,8,13.257457365996675,-9.539813714315653,7.586748028759198,-14.154204768757163,29.74218478628414,-15.823193943294022,47.47768526212237,0.553615,2.3752846434456094,7.353112674235317,3.138431523443018
1079,TYR_27_A_HH,40.317,2.452,42.156,4647,ARG_35_C_HG3,37.624,-4.497,51.295,8,14.542571009752155,-10.232500628870909,7.882358282674194,-14.344241776735998,39.02617622824941,-0.8788334162253212,46.53655642407301,0.650768,2.1217693670690108,11.792462465490404,2.9110358987001685
705,TYR_27_A_CE2,41.041,2.002,42.123,4392,ARG_35_C_CG,37.702,-4.546,49.996,8,14.038964759194021,-9.545050920207911,7.818309171088482,-14.140805661335335,39.175401535682454,-1.6565620677901305,46.52187891870981,0.966628,2.241156348185373,10.770763854063464,3.1123473319875234
717,TYR_27_A_CE2,41.33,1.996,42.491,4299,GLY_34_C_HA2,37.186,-4.543,44.434,8,14.013795765381722,-9.295550975211896,7.82043770283955,-14.096866653208908,30.956549705640015,-14.3727238114913,47.35480644834494,0.264251,2.128794999427269,7.981635546678386,3.0012422550724938
689,TYR_27_A_CE2,42.098,1.605,43.185,4483,ARG_35_C_H,37.219,-4.99,46.226,8,13.570902624269904,-8.632600348201747,7.385064195177892,-14.277047606924706,36.27214542451347,-6.269874139236238,46.81615879566602,0.684876,2.2153547655153663,8.749076922738762,2.854136574449655
0,GLU_26_A_N,42.908,2.449,44.993,4552,ARG_35_C_HB2,37.583,-4.829,48.905,8,14.364257238465179,-7.945602271419366,7.53729795401231,-14.17134003139186,41.09023774270523,-0.03544576687160361,46.328415201978814,0.09455099999999997,1.7117231772847918,9.829987436411097,1.868918757369022
18,GLU_26_A_N,43.564,3.471,44.873,200,GLU_26_C_OE1,52.328,4.796,42.712,8,15.332922603390005,-7.205283267929349,15.976901555487933,1.8058793689940695,35.303066581872386,2.222056962686111,46.90995539897008,0.394651,1.1859613047514177,9.123225416485116,4.255494901786281
14,GLU_26_A_N,44.209,4.152,45.33,175,GLU_26_C_CD,52.531,4.886,43.958,8,15.966532029382218,-6.559381454476403,16.060235994738644,1.8896283546063375,33.570347332441116,3.2136713460720916,47.08393312423586,0.41030199999999994,1.5842623665123958,8.466216628459252,4.265310286718772
431,GLU_26_A_HG3,45.397,3.949,45.011,169,GLU_26_C_CD,52.617,4.886,44.381,8,15.67213194179127,-5.364291739775835,16.056771173287782,1.9326920512183097,110.93541767967389,12.454470549287343,39.29227380357415,0.580593,1.8367320852744584,7.3077540325328405,3.481560166351397
441,GLU_26_A_HG3,46.154,4.601,45.04,195,GLU_26_C_OE1,52.483,4.965,43.11,8,16.26530379167455,-4.56671721585854,16.136561065106868,1.9327131204614503,42.35174582177748,4.382320821476874,46.19948025975186,0.41520599999999996,1.4398187518663514,6.626736527130071,3.229666456024991
434,GLU_26_A_HG3,47.169,4.694,45.921,199,GLU_26_C_OE1,52.664,5.105,42.712,8,16.28770557644622,-3.6406901609285818,16.25964161853899,2.1626614574707665,47.596407642388144,4.725968069339698,45.67140015934058,0.519826,1.2737079957185353,6.376647002931872,2.377107523200062
151,GLU_26_A_CD,47.761,4.676,46.682,202,GLU_26_C_OE1,52.655,4.961,42.329,8,16.230506790423338,-3.130753357265576,16.113993668770842,2.1810723204179436,49.06321082798729,4.7518336914541255,45.52374014421156,0.787226,1.321326313018921,6.555994966441021,2.5541253607275967
156,GLU_26_A_CD,48.337,4.61,46.259,141,GLU_26_C_CD,52.566,4.911,43.566,8,16.11817694452893,-2.522050613234018,16.079714577948316,1.965408321969261,49.57202006596609,4.697902823328413,45.472547165370855,0.6264649999999999,1.3214254644147436,5.022677672317823,2.239148344740347
4653,ARG_35_A_HG3,64.848,-2.01,39.634,631,TYR_27_C_CE1,63.969,0.037,46.67,8,8.22313543548729,14.018306850269946,10.380986457886156,12.598612122268738,64.30355064916988,-0.742095766610628,43.992072391855174,-0.823799,1.377307289906955,7.380253789674175,3.374542182848559
4632,ARG_35_A_HG3,65.126,-2.265,40.342,666,TYR_27_C_CE1,63.974,0.139,47.399,8,7.952948598446444,14.204043165196392,10.487534754912524,12.538482487024876,64.5339189459908,-1.0294419671543966,43.96901041505463,-0.6400250000000001,1.3339320637312808,7.543710559134679,3.4769707273262904
4651,ARG_35_A_HG3,65.752,-2.01,39.634,670,TYR_27_C_CE1,64.475,0.683,46.976,8,8.154878288011922,14.915167828290333,10.989110831305865,13.119041832600482,65.00632443653066,-0.43748293467272736,43.92119654423793,-0.089505,1.1543856487653363,7.923884274773325,3.1606250730849172
4780,ARG_35_A_HE,65.197,-2.379,38.188,990,TYR_27_C_HD1,63.895,0.168,45.156,8,7.818493472304284,14.481018142084812,10.506356357357058,12.686378589164388,64.1088635117954,-0.25036433528639335,44.01145241920861,-0.170425,1.590149508535781,7.532292944382869,2.9461077307115033
4473,ARG_35_A_H,65.551,-2.673,43.967,995,TYR_27_C_HD1,63.484,0.168,44.445,8,7.539988754653042,14.232610101062287,10.532298457398687,12.3496522903273,66.31047483454637,-3.716864540370683,43.79136914808265,0.114074,1.6100730016263602,3.545737440928192,2.1166451030440188
4779,ARG_35_A_HE,65.66,-2.383,38.235,664,TYR_27_C_CE1,64.256,0.677,47.8,8,7.77988237596777,14.935363151166513,11.00556367742675,12.81899972325748,64.82262877296536,-0.5579601462065409,43.93974058873671,-0.31379799999999997,1.147856930892829,10.140218981856355,2.794767786596516
4466,ARG_35_A_H,65.803,-2.723,43.181,993,TYR_27_C_HD1,63.752,0.168,44.764,8,7.46547759836891,14.55734823820279,10.51434696251053,12.58366817040708,64.8190297672946,-1.3360385457087445,43.940446552107595,0.209252,1.6636554903614433,3.8820575729888396,2.3036751503626443
4768,ARG_35_A_HE,65.65,-2.585,36.574,671,TYR_27_C_CE1,64.292,0.477,46.553,8,7.567326546886098,15.076053543334716,10.79449305423739,12.964120472515027,64.64521144924318,-0.31941638997246447,43.95749407069388,-0.48365199999999997,1.3704900009276413,10.526179221350926,2.5804881133749706
4556,ARG_35_A_HB2,66.649,-2.555,41.749,1028,TYR_27_C_HE1,64.601,0.909,46.946,8,7.55886280455897,15.552463831811838,11.204731358816085,13.2641843024735,65.82535779734678,-1.1618864306685615,43.83907252304141,0.21036599999999991,1.218052325885369,6.572853946346287,3.4481757727563527
4654,ARG_35_A_HG3,66.392,-2.65,39.218,1026,TYR_27_C_HE1,64.408,0.998,46.099,8,7.4654195101855905,15.543131901573927,11.301983111445558,13.164072687522623,65.03684792680808,-0.1582687686470976,43.91800071352501,0.547735,1.3857996697754398,8.0369348012784,3.0669284262611627
4534,ARG_35_A_HB2,66.413,-3.044,42.801,669,TYR_27_C_CE1,64.215,0.306,46.976,8,7.096622923280347,15.176146834531577,10.632828198329323,12.832502227336846,65.86853229906887,-2.2141697915744722,43.83519137915718,0.18547399999999997,1.5041183410364711,5.786564524828177,3.422836206087683
4347,ARG_35_A_CB,66.591,-3.015,40.296,668,TYR_27_C_CE1,64.515,0.884,47.399,8,7.0941636496210005,15.605186828078786,11.189540324310503,13.131713269179395,65.54729635878361,-1.0547878144977325,43.86701491500963,0.415662,1.1713279327364412,8.364483606296327,3.6596360624744815
4764,ARG_35_A_HE,66.623,-3.007,37.051,1029,TYR_27_C_HE1,64.626,1.11,47.342,8,7.07649031491969,15.961712134773004,11.406100117982842,13.264671461082473,65.2954798945849,-0.27019465498546746,43.89201622675357,0.461532,1.085328621791068,11.262432197354173,2.6326432057451266
4361,ARG_35_A_CB,66.979,-3.264,40.727,1027,TYR_27_C_HE1,64.524,0.869,46.509,8,6.819670591913225,15.928181454488035,11.167531602836663,13.228414387677544,65.65017196327626,-1.026913940619455,43.85664713170536,0.3421820000000001,1.4100809603943292,7.519324304749731,3.7915897573067996
4765,ARG_35_A_HE,66.958,-3.316,37.051,1057,TYR_27_C_HE1,64.908,1.387,46.564,8,6.743085931120874,16.270631059849045,11.655439200882636,13.64317420099959,65.4880053300337,0.05638289407392372,43.87249233921437,0.155069,1.2982016316242655,10.808231955319979,2.800557742990556
4343,ARG_35_A_CB,66.846,-3.87,42.415,630,TYR_27_C_CE1,64.091,0.284,46.277,8,6.2375443657391285,15.581641832548843,10.615249451213028,12.777642113524518,65.83009152274882,-2.338209141741753,43.839115622193866,0.571314,1.6656742925435002,6.305615354586741,3.6331592535899317
4362,ARG_35_A_CB,67.128,-3.891,40.326,1044,TYR_27_C_HE1,64.043,0.828,45.666,8,6.180355065113974,16.06851050791383,11.156932078898226,12.832317948418154,65.05368215441642,-0.7179997039517039,43.916553418287315,0.9037000000000001,1.6163910817366776,7.765422461141436,3.776194368501715
4345,ARG_35_A_CB,67.047,-4.174,40.053,973,TYR_27_C_HD1,63.87,0.605,45.285,8,5.902331488925075,15.993958912444562,10.944908929427973,12.681832538214561,64.6780219021967,-0.6104663741259053,43.95431992688287,0.9972240000000001,1.8623475249285146,7.765693401107205,3.5524321398280834
4583,ARG_35_A_HB3,67.37,-4.329,41.512,629,TYR_27_C_CE1,64.101,0.587,45.905,8,5.733836001206087,16.156900248594575,10.913958142897908,12.847705928594541,65.62300094440451,-1.7018212427936834,43.85968028486723,0.6670990000000001,1.7276044264704096,7.35879514594611,3.723866567309891
4588,ARG_35_A_HB3,67.479,-4.507,41.332,667,TYR_27_C_CE1,64.292,0.477,47.399,8,5.546829785303961,16.269521145891286,10.800550390722574,12.87960617523067,66.18050694813003,-2.476347546118622,43.80390377963449,0.540771,1.580263583406869,8.47382522831336,3.9277004979485626
4592,ARG_35_A_HB3,67.426,-4.959,40.524,663,TYR_27_C_CE1,63.961,0.315,47.8,8,5.094348241281963,16.263376742260498,10.666880538708716,12.498874165281798,65.84808131932384,-2.5572848133084873,43.83740153552662,0.31559000000000004,1.4093477997689676,9.631275979848152,3.9202794378660597
4419,ARG_35_A_CZ,67.397,-5.11,38.494,981,TYR_27_C_HD1,63.931,0.211,45.53,8,4.931438093524684,16.425947799415304,10.54919212753902,12.687993434339866,64.70863167300706,-0.9828194264485075,43.95140321659617,0.766812,1.9675458522581726,9.477947720894017,3.2128652987685173
4581,ARG_35_A_HB3,67.268,-5.595,40.546,658,TYR_27_C_CE1,63.666,0.364,48.161,8,4.472267553838253,16.05619048328341,10.740598331988267,12.17385670840945,65.70417567613327,-3.007873640776829,43.85208612610914,0.5663640000000001,1.6597821382370779,10.318542048177157,4.084328417318343
4574,ARG_35_A_HB3,66.937,-6.09,40.671,980,TYR_27_C_HD1,63.816,-0.255,45.708,8,4.004580701280445,15.677774747947781,10.09449199384533,12.520776735135435,64.91704830412881,-2.313512289199486,43.931011756521364,0.990392,2.2805544670386544,8.316203160096556,3.3984303660862687
4573,ARG_35_A_HB3,66.968,-6.29,41.053,580,TYR_27_C_CD1,63.85,-0.266,46.185,8,3.8055512012831043,15.655200006260534,10.084371790679823,12.50602227929979,65.23894991348932,-2.9494619239447273,43.89889000768852,0.9034650000000001,2.375221426566337,8.505758284832696,3.9383289257450693
4865,GLU_36_A_HB2,67.578,-6.377,43.274,991,TYR_27_C_HD1,63.805,-0.284,45.156,8,3.6886456153476814,16.0319093876243,10.062453781558531,12.562808233201954,66.59782043178166,-4.79411261352917,43.76292073877205,0.36268599999999995,1.7537549867422557,7.4095952655998705,2.5987062464296753
8470,LEU_50_A_HD13,57.69,-26.366,43.483,8743,LYS_51_C_HA,57.744,-26.515,45.057,8,-15.494682617008491,4.685089035127221,-15.636060958222506,4.5701214128816705,57.730554166678886,-26.477899459910283,44.66507885838086,0.005153999999999992,1.2714780818958282,1.5819585961712197,2.0532923718111187
8465,LEU_50_A_HD13,57.69,-27.27,43.899,8733,LYS_51_C_HA,57.951,-27.156,46.005,8,-16.39310024510817,4.574968978758702,-16.28405668807633,4.632167286099953,57.784311877273545,-27.228806306478237,44.65999928558653,0.609428,1.4801684324919995,2.125171287214282,2.9284351740181687
8197,LEU_50_A_CD1,57.516,-27.467,44.52,8739,LYS_51_C_HA,57.489,-27.362,45.669,8,-16.57194848546312,4.325364893397819,-16.456985458906328,4.191758043764224,57.512063915775215,-27.45169300579253,44.68750225089905,0.3977249999999999,1.4662337124558695,1.1541035482139312,3.4515643067284603
8186,LEU_50_A_CD1,57.091,-26.776,45.282,8760,LYS_51_C_HA,57.079,-26.767,45.035,8,-15.845392978607753,3.8800059843844403,-15.837281346434201,3.8934583164720924,57.064292356992304,-26.75596926774425,44.73226768142498,-0.5300279999999999,1.4347634273735639,0.24745504642257746,3.2454506842554975
8184,LEU_50_A_CD1,57.091,-27.694,45.282,8737,LYS_51_C_HA,57.351,-27.787,45.887,8,-16.760748830444946,3.8103819818215707,-16.868780656510562,4.0008365998483315,56.86359592901513,-27.61265931307081,44.75284821943903,-0.33618400000000004,1.4596556360080903,0.6650368410847656,3.1688187824947764
8405,LEU_50_A_HD12,57.028,-28.279,44.986,9295,GLN_54_C_C,57.272,-28.23,46.068,8,-17.34142632711035,3.733081279411194,-17.303243762996452,3.870780299439834,56.9730062278893,-28.290043831284546,44.74213417449271,-0.521496,1.4540547469032072,1.1102526739440899,2.8462840524876847
8202,LEU_50_A_CD1,56.859,-28.662,43.674,9293,GLN_54_C_C,57.147,-28.684,46.214,8,-17.719956579769327,3.667435064698725,-17.745452522887867,3.6977494476877473,56.98004997530293,-28.671246873113443,44.741593532185554,-0.18011700000000003,1.6161676864198644,2.556370082754059,2.842963967317594
8331,LEU_50_A_HG,56.28,-28.08,42.152,8724,LYS_51_C_HA,56.538,-27.994,46.274,8,-17.106812615946446,3.289194037172663,-17.011027388468282,3.1398966557851384,56.445435606301196,-28.024854797899618,44.795122361137764,0.296003,1.8255561332677448,4.130961631388023,2.6941431563298783
8343,LEU_50_A_HG,56.153,-28.275,41.937,8722,LYS_51_C_HA,56.426,-28.338,46.439,8,-17.293201121359076,3.169885782444938,-17.344398519837064,2.9862078112769765,56.327046152778514,-28.315164496795063,44.807167691607546,0.188732,2.001128768906731,4.510709700257824,2.808753585404648
8176,LEU_50_A_CD1,56.218,-27.858,45.809,8718,LYS_51_C_HA,56.109,-27.631,45.997,8,-16.854586679082054,2.8791913041553365,-16.618664319851064,2.7694875311484766,56.827870212316526,-29.12809668069587,44.757113762243065,-0.321063,1.6076106109253923,0.3142514916432401,2.926563096535509
8173,LEU_50_A_CD1,55.889,-27.601,45.949,8753,LYS_51_C_HA,55.99,-27.426,45.709,8,-16.572483155883386,2.55829533539011,-16.407331683063255,2.6957459601021876,56.371700947756004,-26.764636971709912,44.80198784691645,-0.3790099999999999,1.5965736098738712,0.3137291825763067,2.579325853491003
8159,LEU_50_A_CD1,55.497,-26.982,45.996,8754,LYS_51_C_HA,55.543,-27.307,45.507,8,-15.925331332890377,2.211642682438346,-16.2563697121285,2.281480855720339,55.60199189329039,-27.723790550421274,44.87989052567386,-0.861051,1.6431873133887334,0.5889499129807251,2.2048182770133273
8336,LEU_50_A_HG,55.017,-28.291,41.005,9567,GLN_54_C_HG2,55.608,-28.239,46.258,8,-17.230053661573972,2.134749037755919,-17.185215970257453,2.2002578134515605,55.454647789810416,-28.252492918663062,44.89495573582753,0.9389839999999999,2.00191154411801,5.286397071730423,3.177607814960138
8416,LEU_50_A_HD12,55.216,-28.919,45.319,9565,GLN_54_C_HG2,55.463,-28.683,46.258,8,-17.840382323797833,1.853585036381005,-17.616988775565442,2.0227285457609225,55.11357670845213,-29.016861930385847,44.92962562443946,-0.839364,1.636723971198287,0.9992126900715385,2.5962790333675994
9478,GLN_54_A_OE1,54.566,-28.937,40.773,8263,LEU_50_C_CD2,54.977,-28.852,45.776,8,-17.84180101022658,1.661492480727787,-17.752257338099195,1.5759002408607286,54.909154698336415,-28.866031266767425,44.950136145442976,0.86433,1.926701953176131,5.020573174449307,3.4350114682936277
8167,LEU_50_A_CD1,54.489,-27.626,45.553,8531,LEU_50_C_HD21,54.346,-27.717,44.881,8,-16.494538524730334,1.2070151482147136,-16.579290601246445,1.125374638748169,54.372106147919055,-27.7003869967788,45.00368063917208,-0.9858020000000001,1.6660422223948368,0.6930468959601477,2.511007940635065
9484,GLN_54_A_OE1,53.951,-29.071,40.243,8261,LEU_50_C_CD2,54.51,-29.301,45.49,8,-17.932773828635103,1.094132555282575,-18.166750660275895,1.1071056664070134,54.45734911569476,-29.27933684545582,44.99579751350698,0.5621090000000001,1.88363839313006,5.281703323739416,3.9628812483739977
8211,LEU_50_A_CD2,54.12,-28.404,45.378,8519,LEU_50_C_HD21,54.178,-28.284,44.945,8,-17.243689017573292,0.7994055048438442,-17.13151425607902,0.9093047826611255,54.16734304967202,-28.306048862747563,45.024559646414055,-0.838047,1.6341958944509192,0.4530485625184127,2.7298278253739543
8261,LEU_50_A_HA,53.136,-27.709,39.73,8517,LEU_50_C_HD21,53.538,-27.791,44.847,8,-16.516832770885415,0.44011511914732404,-16.592312294619582,0.32153969781922215,53.5567601453732,-27.794826696319927,45.08579518376772,0.34015199999999995,1.7298752573562255,5.13342156850575,3.073139839133691
8217,LEU_50_A_CD2,53.297,-27.853,45.393,8291,LEU_50_C_HA,53.753,-28.015,50.576,8,-16.63202749670258,0.023195947536070134,-16.790881342898032,-0.05446668497150342,53.27249156552062,-27.84429305617182,45.11443154406441,0.286117,1.4749600222954904,5.205542142755162,3.3992728935185035
8527,LEU_50_A_HD23,53.323,-29.553,45.032,8561,LEU_50_C_HD23,53.322,-29.631,45.063,9,-18.33167882404347,-0.04387928694085539,-18.40915669302724,-0.05388401430945038,53.32046954790608,-29.750375263326507,45.11044401491181,-0.6833529999999999,1.446788906230995,0.08394045508573485,3.136057546918871
9579,GLN_54_A_HG3,53.165,-30.815,44.565,8550,LEU_50_C_HD23,53.148,-30.736,45.84,9,-19.581457647753755,-0.24969288897246286,-19.492272632912343,-0.38793786749509857,53.15750262461207,-30.78015925555025,45.12730315409453,-0.8305669999999999,1.3446272264813557,1.2775582178515446,2.4954728647578768
8514,LEU_50_A_HD23,53.001,-30.227,44.59,8541,LEU_50_C_HD23,53.23,-30.247,45.49,9,-18.982589351999938,-0.370299457732811,-19.013378574253085,-0.23453359437152202,53.13814867963543,-30.238978050623196,45.12901227804317,-0.5213249999999999,1.4038689299545868,0.928892351136555,2.9290894363632103
9598,GLN_54_A_HG3,52.835,-31.732,44.809,9626,GLN_54_C_HE21,53.12,-31.609,45.92,9,-20.469152467652407,-0.6710102714458789,-20.360071142644095,-0.4899197043303498,52.92281652542354,-31.69410023639619,45.15133038507211,-0.8505859999999998,1.350907731785413,1.1535488719599212,2.3369808752277472
9444,GLN_54_A_CG,52.471,-30.189,44.524,8548,LEU_50_C_HD23,52.639,-30.307,45.699,9,-18.905153345043384,-0.8866386158885062,-19.02708545470198,-0.846295795763371,52.56574313659546,-30.2555457745135,45.18663800892657,-0.519672,1.3370194329701655,1.1928004862507373,3.0826917555648494
9597,GLN_54_A_HG3,52.425,-31.732,44.881,9474,GLN_54_C_CD,52.952,-31.74,49.725,9,-20.4376796150686,-1.0849651468326544,-20.450765167819412,-1.046642975164099,52.4594863221723,-31.732523511532047,45.197986232642606,0.782,1.1057740071506008,4.872589557925028,3.1683549106096476
9445,GLN_54_A_CG,52.133,-30.002,44.425,9500,GLN_54_C_OE1,52.595,-29.946,50.113,9,-18.693879880456407,-1.1978967416468136,-18.632198888033418,-1.303521794273034,52.19786141793739,-29.994138009947008,45.22355356109922,0.9002950000000001,1.3375511282516017,5.707006570874088,3.4705061045257857
9601,GLN_54_A_HG3,52.015,-31.732,44.809,9472,GLN_54_C_CD,52.499,-31.524,49.531,9,-20.407237798482274,-1.4845346099157022,-20.20257227550423,-1.4603031016445944,52.05900181843836,-31.713090127613295,45.238290468318006,0.9451259999999999,1.1239059014448747,4.75129498137087,3.1477384125692836
9587,GLN_54_A_HG3,51.854,-31.22,44.643,9613,GLN_54_C_HE21,51.988,-31.166,46.515,9,-19.8857446689895,-1.5888482977224816,-19.828614502160246,-1.638821345968133,51.8977572826925,-31.202366468168712,45.254295770151984,-0.610874,1.3359088276763509,1.8775665101401866,2.669525107737161
9571,GLN_54_A_HG2,51.573,-29.737,44.144,9484,GLN_54_C_OE1,52.219,-29.789,49.315,9,-18.38937193290205,-1.705304372806657,-18.452974617570668,-1.584925933709884,51.71393778673098,-29.748344837322023,45.272156803693356,0.7226049999999999,1.4310614043531313,5.211454787293083,3.554653307159795
9458,GLN_54_A_CG,51.494,-30.777,44.46,9509,GLN_54_C_NE2,51.716,-30.804,46.702,9,-19.418148882733767,-1.894125351857771,-19.445780720079608,-1.899899161214303,51.57584061180388,-30.78695358792212,45.28651644893834,-0.22406800000000004,1.352586124632505,2.2531260506238855,3.088902921213756
9452,GLN_54_A_CG,51.248,-30.648,44.319,9672,GLN_54_C_HE22,51.531,-30.689,46.887,9,-19.271955601367516,-2.114313172118637,-19.31581881041567,-2.09319748655296,51.35704384078852,-30.663797870926985,45.30848615952272,-0.48746200000000006,1.382917482264045,2.583871900849574,3.3705162753817324
9450,GLN_54_A_CG,51.176,-31.412,44.368,9506,GLN_54_C_NE2,51.453,-31.54,47.011,9,-20.027967776286914,-2.2485837725744946,-20.157590364050087,-2.247511459545157,51.275465184061915,-31.45796225111889,45.317048669587116,-0.4392560000000001,1.4458217204194803,2.660556708660803,3.017930461128489
9453,GLN_54_A_CG,50.871,-30.999,44.322,9693,GLN_54_C_HE22,51.198,-31.028,47.262,9,-19.593457476944504,-2.5152565854904445,-19.626013990901615,-2.4867405718832853,50.98490480490039,-31.009101649364272,45.34609824589333,-0.616043,1.2971542048491287,2.9582714547519107,3.2127522413130474
9312,GLN_54_A_C,50.626,-29.94,43.992,9674,GLN_54_C_HE22,51.121,-29.898,47.579,9,-18.521371648210142,-2.6450373290074567,-18.491185120595215,-2.50909763002603,50.815155127548,-29.923950474026253,45.3627059444741,0.29310499999999995,1.3579721748160418,3.621237081440544,3.2722616981545096
9298,GLN_54_A_C,50.472,-31.542,44.263,9697,GLN_54_C_HE22,51.17,-31.44,49.071,9,-20.105189121075416,-2.946394425304333,-20.021760743444222,-2.7264835674981995,50.63439325497073,-31.518269180505737,45.38160568753475,0.634219,1.2917642855004452,4.859472399345427,3.1525920797957614
9291,GLN_54_A_C,50.253,-30.329,44.281,9691,GLN_54_C_HE22,51.14,-30.297,47.8,9,-18.879018341756826,-3.0734653975082042,-18.888888120986017,-2.5425867006589558,50.53286150901561,-30.31890353067816,45.39129611073948,-0.09574300000000002,1.3267296814804435,3.6292084536438507,2.8307399980349586
9302,GLN_54_A_C,50.171,-31.12,44.447,9700,GLN_54_C_HE22,51.292,-31.023,49.071,9,-19.660359973923565,-3.231392938760026,-19.615173538108085,-2.5738204301800454,50.403174849816395,-31.09990993717024,45.40469536623641,0.439351,1.1887338564656575,4.758931182524072,2.894473197004418
9354,GLN_54_A_C,49.864,-31.753,44.405,9717,GLN_54_C_HE22,51.201,-31.657,47.233,9,-20.268657192173066,-3.579781476654624,-20.25363641602929,-2.5285725362172267,50.3397746761679,-31.71883816835297,45.411350623936286,-0.791288,1.358240105928399,3.1295956607843105,2.599802563976325
9341,GLN_54_A_C,49.817,-30.683,44.632,9694,GLN_54_C_HE22,51.223,-30.597,47.222,9,-19.19656507004702,-3.567935154956569,-19.198429456824663,-2.425253659366204,50.24500025503436,-30.656820752537037,45.42042152243172,-0.708511,1.2126691390173008,2.9482761064730716,2.6455748264242827
9342,GLN_54_A_C,49.566,-30.292,44.632,9673,GLN_54_C_HE22,51.214,-30.126,47.962,9,-18.78773935207996,-3.7872983029982175,-18.72280816425587,-2.472385501520016,49.96980625866539,-30.251325340449988,45.447943471696455,-0.09577799999999997,1.2101259564580935,3.719188083439721,2.51602372285191
9330,GLN_54_A_C,49.237,-30.549,44.772,9686,GLN_54_C_HE22,51.344,-30.534,48.729,9,-19.01815533633698,-4.147177645747447,-19.133957028847888,-2.4509784321826658,49.61595766637295,-30.546302152351423,45.483692209699925,0.632908,1.0968320338323492,4.483026098518723,2.4031948201074904
9328,GLN_54_A_C,49.026,-30.915,44.82,9701,GLN_54_C_HE22,51.005,-30.989,48.752,9,-19.366825753351662,-4.389065074167322,-19.561885366445274,-2.8241075976822922,49.37246147036748,-30.92795510298496,45.5083711477943,0.5,1.0189399451344578,4.402560732119435,2.3971867651448004
9297,GLN_54_A_C,48.849,-29.607,44.325,8436,LEU_50_C_HD12,50.85,-29.626,46.534,9,-18.05277291081719,-4.416014596959474,-18.206988699752845,-2.652934030870562,49.87463116787483,-29.616738626781434,45.45724350316616,-0.08863799999999997,1.2245267526884396,2.9806111789362935,2.4318625417170363
9336,GLN_54_A_C,48.332,-31.361,44.632,9702,GLN_54_C_HE22,50.902,-31.44,48.752,9,-19.760486246696424,-5.092629538820044,-20.003809248556063,-2.960499447577979,48.90795891612831,-31.37870457368646,45.5553271340267,0.76659,1.02976513356396,4.856494723563492,2.3425451387671425
9335,GLN_54_A_C,48.202,-30.915,44.632,9711,GLN_54_C_HE22,50.849,-30.988,47.944,9,-19.305955136179573,-5.1877768690922395,-19.554894616041217,-2.8980816526065567,48.937410945782894,-30.935281450337065,45.55216662351074,0.23816600000000002,1.0837681792467408,4.2404341758834105,2.3979402283285154
9349,GLN_54_A_C,47.932,-31.368,44.405,9712,GLN_54_C_HE22,50.759,-31.44,47.944,9,-19.7388891203931,-5.467324577399687,-19.99879719183975,-3.0216520085689833,48.855147536587545,-31.391511362799562,45.56064879093855,0.431292,1.039571057590535,4.530081014728103,2.3350478378989297
9319,GLN_54_A_C,47.506,-31.168,41.479,9715,GLN_54_C_HE22,50.902,-31.44,47.552,9,-19.528249840511112,-5.582488178138068,-20.012401215201713,-2.840621011713643,49.73869844380947,-31.346826259339295,45.47169070943902,0.833086,1.2592217866930693,6.963341798303457,2.878090613545564
9355,GLN_54_A_C,47.613,-31.374,44.105,9706,GLN_54_C_HE22,50.759,-31.44,48.36,9,-19.72293351361931,-5.754290836995682,-19.99581864340259,-3.0632098663352862,48.700749197913076,-31.39681991324296,45.57619289164656,0.8412419999999999,1.0668544286470651,5.292135391314174,2.3634854822903737
9407,GLN_54_A_O,47.714,-29.965,44.227,8359,LEU_50_C_HG,51.214,-29.67,47.962,9,-18.324744465101716,-5.559413105618386,-18.268121597330204,-2.4378010296587207,48.9537986656164,-29.86050268389807,45.55004229030777,0.331648,1.1701258418744616,5.1271093220254285,2.4304431246095284
9396,GLN_54_A_O,47.211,-30.902,41.949,9690,GLN_54_C_HE22,50.998,-30.76,47.753,9,-19.23737664310584,-5.901936631544624,-19.340169235691867,-2.713885440717091,49.52347157791455,-30.815289948755268,45.493120686088204,0.5541969999999999,1.1998723567709897,6.931662787527969,2.7762094858807527
9393,GLN_54_A_O,47.185,-30.619,41.531,9687,GLN_54_C_HE22,51.315,-30.187,48.469,9,-18.95622149844063,-5.864510041898598,-18.78762843297613,-2.4274581841845078,49.54229668979989,-30.37242562469892,45.49103012925705,0.6060770000000001,1.321109286487645,8.085750923692864,2.808893582306446
9387,GLN_54_A_O,47.357,-29.618,41.4,8191,LEU_50_C_CD1,51.012,-29.628,47.432,9,-17.97202965021138,-5.604862638955027,-18.21478520648744,-2.582074084665421,49.81883145563726,-29.624735516978507,45.46286384142379,0.642817,1.3755796303638483,7.052953211244213,2.7081031181035686
9287,ALA_53_A_O,47.32,-29.168,40.619,8454,LEU_50_C_HD12,50.816,-29.601,45.021,9,-17.52612402888139,-5.529420149441963,-18.190326552491058,-2.5336227214447202,51.06713149850473,-29.63210410150246,45.33721305961607,-0.03186999999999998,1.3167167951314374,5.638005764452536,2.5686772057780884
9395,GLN_54_A_O,47.032,-30.537,41.92,9692,GLN_54_C_HE22,51.087,-30.077,47.4,9,-18.860120085580704,-6.0489432336983775,-18.668383981931733,-2.538523182372235,49.66523135608338,-30.238285715462823,45.47859625926927,0.876075,1.20244984553435,6.832644070928912,2.675447377948965
9421,GLN_54_A_O,46.939,-31.048,42.685,9710,GLN_54_C_HE22,50.849,-30.988,48.36,9,-19.357148825754635,-6.256387146342451,-19.551916067604058,-2.9396395103728596,48.91595315580989,-31.017663122928777,45.55436295632252,0.4567860000000001,1.1154005257476394,6.891830308415896,2.589667659716282
9394,GLN_54_A_O,47.005,-30.131,41.892,8442,LEU_50_C_HD12,50.979,-29.784,45.9,9,-18.453451327351342,-6.042140532334309,-18.37881326363189,-2.473600205501723,50.479701943318574,-29.827597490102804,45.39643014313559,0.16027399999999997,1.221301933169379,5.654834126656585,2.614381981928419
9418,GLN_54_A_O,46.814,-30.857,43.083,9685,GLN_54_C_HE22,51.113,-30.557,48.364,9,-19.154411089170083,-6.405673644295927,-19.142062355642366,-2.6454355589257323,48.83254053721357,-30.716138832015822,45.5626260937485,0.539517,1.059379743435032,6.816183829680651,2.2975310125607047
9424,GLN_54_A_O,46.781,-30.431,42.302,8443,LEU_50_C_HD12,51.024,-29.826,46.368,9,-18.732738362559992,-6.328082978736815,-18.42073917877608,-2.478893579040113,50.05482855605183,-29.964192015929473,45.439258286332006,0.6931679999999999,1.2011302917937081,5.907743223939243,2.694585311504463
9397,GLN_54_A_O,46.945,-29.439,42.359,8444,LEU_50_C_HD12,50.685,-29.589,46.238,9,-17.75557047098217,-6.09583594182008,-18.159756184417805,-2.78425479105472,49.927103731694274,-29.558603090843377,45.4519359292091,0.1214970000000001,1.2648394239377345,5.390430502288291,2.7336329961240344
9417,GLN_54_A_O,46.666,-30.425,43.083,8435,LEU_50_C_HD12,51.005,-29.794,46.933,9,-18.71248055145961,-6.519740629861041,-18.383351357034396,-2.551759316295465,49.396275190830416,-30.027949148325906,45.50557651179927,0.841196,1.0257278702099986,5.835030591179455,2.303387188599042
9415,GLN_54_A_O,46.846,-29.737,43.466,8448,LEU_50_C_HD12,50.595,-29.68,45.829,9,-18.037310977999255,-6.3272432369663045,-18.246626990031906,-2.839587206569868,49.98725682200947,-29.68924016034824,45.445938615739756,0.09251599999999993,1.1323738651156081,4.431931745864326,2.2385853379933196
9422,GLN_54_A_O,46.722,-29.747,42.685,8450,LEU_50_C_HD12,50.595,-29.68,45.413,9,-18.043511406864607,-6.3730015399806605,-18.249605538469066,-2.798029348803565,50.5599194150464,-29.680606867852305,45.388290514910025,0.08546999999999998,1.1363119993074529,4.737784503330639,2.3625031139397628
1010,TYR_27_A_HE1,36.971,-0.296,44.3,628,TYR_27_C_CE1,62.909,3.626,47.057,9,12.070479205125135,-13.974676525227782,14.042455878096858,11.780523333430073,48.77269528287732,1.4884956781342158,45.55442493233453,-0.32415799999999995,1.3153117787078115,26.37731936721395,4.409069748769901
1014,TYR_27_A_HE1,37.061,0.156,44.3,765,TYR_27_C_CZ,62.748,3.801,47.203,9,12.514381780923662,-13.851106169265348,14.23015359204481,11.619482114102832,48.44841674501296,1.771880952838895,45.58694167519651,-0.16831999999999997,1.3181939544332837,26.10623302968086,4.702729765236659
1022,TYR_27_A_HE1,37.217,0.155,43.492,826,TYR_27_C_OH,63.011,3.783,50.0,9,12.4958205154368,-13.615695820710451,14.212373882792873,11.59962333334296,46.355659326461804,1.440378616593155,45.79774532436277,-0.35749600000000004,1.8207931517463587,26.84859184389379,3.87292862799475
1015,TYR_27_A_HE1,37.317,0.54,43.884,803,TYR_27_C_OH,62.94,4.175,49.726,9,12.874967725889661,-13.52644621566224,14.606643863100366,11.586286784619684,45.907795836035504,1.7587309395460897,45.842686698439664,0.027144000000000057,1.836250662357649,26.53074288443503,4.119530432552926
997,TYR_27_A_HE1,37.551,0.372,43.022,1103,TYR_27_C_HH,62.796,4.156,47.498,9,12.683611393823288,-13.220923119441432,14.582618991358206,11.664557250222133,50.72408045678552,2.3465270924332273,45.35761925627143,0.04652299999999998,1.6338473315021553,25.916466908126193,4.894907591379347
783,TYR_27_A_OH,37.664,0.778,42.89,1106,TYR_27_C_HH,62.534,4.181,47.431,9,13.078964717767976,-13.064836554384847,14.626849756685056,11.413215594222766,51.016656171231446,2.605064292348251,45.3280543495602,-0.061859000000000004,1.674691713998703,25.50917462404458,5.057705231008004
639,TYR_27_A_CE1,37.8,0.881,44.062,1105,TYR_27_C_HH,62.071,4.239,47.481,9,13.179790756216942,-13.039179995477102,14.719999832198202,10.95327594113788,48.55051758741075,2.3683815688898564,45.57640070995664,0.525876,1.6813047677970807,24.73958702161376,5.235650541867511
789,TYR_27_A_OH,37.563,1.067,41.808,1115,TYR_27_C_HH,62.19,4.288,49.76,9,13.367011285933366,-13.035029885271381,14.776191094804872,10.847383364917787,49.07103050670413,2.572151511028319,45.52391580741915,0.035810000000000036,1.7408589323858847,26.078693870667674,4.133130968656216
780,TYR_27_A_OH,37.822,1.268,42.851,1135,TYR_27_C_HH,61.89,4.516,47.713,9,13.55534421469485,-12.867025116013163,15.011529623397642,10.771537377155942,50.39363757356914,2.9645547132687775,45.390608687165255,0.17521099999999995,1.7274981704987138,24.768067587117084,4.8314033657737125
769,TYR_27_A_OH,38.104,1.157,43.659,1116,TYR_27_C_HH,62.9,4.516,49.551,9,13.429156583758772,-12.676388847168194,14.948428901258877,11.589947453200795,46.88065343945348,2.345932848166022,45.744499357366514,0.18050999999999995,1.8348718952442284,25.70681156814279,4.829949580740198
785,TYR_27_A_OH,37.762,1.527,42.589,1117,TYR_27_C_HH,62.505,4.696,49.551,9,13.816252636680272,-12.880734455351572,15.157735190008214,11.211718591951179,48.423766435800374,2.8925230907752417,45.58892797664157,0.44996600000000003,1.7711269676605732,25.898417982571836,4.405474019939494
802,TYR_27_A_OH,37.982,1.497,41.09,1118,TYR_27_C_HH,62.075,4.635,49.551,9,13.758994995711916,-12.514998976024765,15.12937833895253,10.78048793413757,50.26487757562249,3.0967870681236773,45.403511275778946,-0.13790500000000006,1.5814592346760596,25.727576916608378,4.212620241845923
629,TYR_27_A_CE1,38.515,1.517,43.695,1133,TYR_27_C_HH,62.715,4.635,47.713,9,13.757344581630804,-12.244927397740607,15.067894665809927,11.59904756355029,49.35643283313624,2.9138424617239345,45.49503624477444,-0.08285000000000009,1.7016950627059928,24.7286523692659,5.119045018678818
1084,TYR_27_A_HH,37.933,2.048,42.304,1131,TYR_27_C_HH,61.747,4.746,48.032,9,14.320799916014991,-12.64309946321295,15.253948491580116,10.61524290735976,50.65510410535411,3.4893469755709186,45.36405762641591,0.6857740000000002,1.514753948433112,24.641342982881433,4.574993586771416
801,TYR_27_A_OH,38.241,1.853,41.09,1134,TYR_27_C_HH,62.285,4.696,47.713,9,14.094413621432041,-12.231044179553892,15.161186413800143,11.17706976882237,52.92704355017151,3.5895006576750124,45.13531968194918,0.905208,1.5018235872427828,25.1010102187143,4.53142905617384
1095,TYR_27_A_HH,38.083,2.437,42.428,1127,TYR_27_C_HH,61.559,4.769,48.84,9,14.698241447868734,-12.477168492338564,15.29686257189333,10.349753816628526,49.323368564639665,3.5535675367498785,45.49808192351634,0.9260279999999999,1.4681278112172882,24.447383172846948,4.262487178549774
1103,TYR_27_A_HH,38.239,2.436,41.62,1129,TYR_27_C_HH,61.559,4.769,48.424,9,14.679680182381873,-12.24175814378367,15.293884023456172,10.39131167439483,50.964345306788196,3.7090802144398496,45.33283230992225,0.8915759999999999,1.5057567416866509,24.40409197245413,4.534457626598255
1107,TYR_27_A_HH,38.67,2.568,41.301,1121,TYR_27_C_HH,62.626,4.946,49.232,9,14.776472992776203,-11.772282835974345,15.395594885965277,11.382591506230339,50.8753309164768,3.7795660761138024,45.3417613749615,-0.054069000000000034,1.3619916477525087,25.346510233166217,4.1111090402256245
1080,TYR_27_A_HH,39.353,2.273,43.408,1123,TYR_27_C_HH,61.747,4.746,49.232,9,14.4458383641628,-11.327536868152329,15.262540458225766,10.495364471495423,47.92963510744895,3.220129526691152,45.63852258934459,0.756351,1.6026952467978457,23.270709937601815,4.759701020111278
1101,TYR_27_A_HH,38.944,2.998,41.62,1128,TYR_27_C_HH,61.943,5.025,48.424,9,15.18682991937697,-11.49970178856373,15.520152470981492,10.791695013335094,51.35924345305552,4.092208377727031,45.29291258118135,0.927801,1.3260566748026246,24.069838927587362,4.164064195058949
1100,TYR_27_A_HH,39.406,2.998,41.62,1122,TYR_27_C_HH,62.164,4.946,49.232,9,15.15194628869819,-11.041350271035613,15.43047851664406,10.924239988702222,50.61212443186215,3.9572024955298297,45.36817730799432,0.425087,1.2948259785967764,24.076208422423996,4.185762229400188
1097,TYR_27_A_HH,39.627,3.077,42.012,1126,TYR_27_C_HH,61.943,5.025,48.84,9,15.216838692884684,-10.855264221774801,15.52313101941865,10.75013715556879,50.599920541006725,4.034844112470046,45.3693714578775,0.6556950000000001,1.3267586425720617,23.418371933163925,4.143717012106436
8430,LEU_50_A_HD12,56.71,-29.031,44.776,9575,GLN_54_C_HG2,56.917,-29.158,46.274,9,-18.068753098107994,3.381537257502332,-18.200291335793555,3.4276222216001306,56.70903718192517,-29.030409285528986,44.769032360018855,-0.6718139999999999,1.5033726737209112,1.51755790663816,2.9085846687253047
8432,LEU_50_A_HD12,56.326,-29.287,44.36,9303,GLN_54_C_C,56.911,-29.546,46.085,9,-18.298000094070478,3.022711776328374,-18.588073966128125,3.4111233197998896,56.472826983256084,-29.35200545070656,44.792951360883315,-0.333746,1.5550591520416852,1.8398181975401826,2.794839636761468
8155,LEU_50_A_CD1,56.163,-29.15,43.343,9574,GLN_54_C_HG2,56.426,-29.089,46.439,9,-18.156368963652184,2.9729864960676196,-18.09323538773437,2.9292496131019057,56.2877448873902,-29.12106677516807,44.811479739011624,-0.24723500000000004,1.8219386290991675,3.1077493463920125,3.2312532792611512
9710,GLN_54_A_HE22,56.421,-31.222,41.363,9312,GLN_54_C_C,57.011,-31.292,46.191,9,-20.25605812214956,3.2696014648294733,-20.33583651237183,3.367322220622919,56.83579187544851,-31.271212595392225,44.75726300790734,0.422686,1.496722510831665,4.864420212111618,2.797211917953257
8156,LEU_50_A_CD1,56.029,-29.35,42.94,9345,GLN_54_C_C,57.104,-29.657,45.925,9,-18.34856060230209,2.865135260629202,-18.714472443382576,3.6101643730992286,56.68852127162706,-29.538347005013513,44.77132185656443,-0.4657449999999999,1.7504490786514673,3.1874910195951904,3.0730018059878343
9678,GLN_54_A_HE22,56.04,-30.196,41.794,9308,GLN_54_C_C,56.735,-30.28,45.964,9,-19.20115972909072,2.926369001769848,-19.30753715420557,3.1929320953731244,56.53878523773538,-30.256284834488905,44.78671142641229,0.12833,1.7515190371360103,4.228354408041031,2.8940431049001867
8322,LEU_50_A_HG,55.898,-29.337,42.62,9304,GLN_54_C_C,56.479,-29.755,46.156,9,-18.32799799184316,2.768123330762152,-18.763345158087034,2.959590864100476,56.258598503193355,-29.59643231382932,44.81462359258463,0.27447999999999995,1.7895295611112787,3.6077113243717274,3.01101997551829
9675,GLN_54_A_HE22,56.127,-30.514,42.641,9444,GLN_54_C_CG,56.449,-30.562,45.955,9,-19.518748281271684,2.9039496353600356,-19.56719471077559,2.8887020025362906,56.33746634206436,-30.545373864655577,44.807103905594026,-0.41976299999999994,1.650978989939365,3.3299525522145204,2.884964630916005
9671,GLN_54_A_HE22,55.953,-29.997,42.237,9305,GLN_54_C_C,57.004,-29.981,45.913,9,-18.992992052818643,2.81089371595995,-19.030074564874692,3.4875796949034936,56.67794530584891,-29.98596372512507,44.77258415252195,-0.195798,1.733978512391058,3.823327477472987,3.0179120625923823
9673,GLN_54_A_HE22,55.931,-29.79,42.921,9570,GLN_54_C_HG2,56.408,-29.812,46.149,9,-18.780029736047897,2.7364362747675055,-18.814870194476374,2.8855277935164256,56.21153339204518,-29.802938647012592,44.81945238893469,-0.42777299999999996,1.7216121556480484,3.2631268746403372,3.0258493811224136
9672,GLN_54_A_HE22,55.985,-30.281,42.774,9443,GLN_54_C_CG,56.347,-30.19,46.015,9,-19.27474531462046,2.7674559553947535,-19.188135016520526,2.8097272379576177,56.21346364915829,-30.223568530183993,44.81944388652492,-0.327392,1.6613926934409786,3.262423332432503,2.8557453446297303
9695,GLN_54_A_HE22,56.122,-31.005,42.882,9445,GLN_54_C_CG,56.554,-30.935,45.997,9,-20.006230954676333,2.8376745534687213,-19.946747724612408,2.9603875654818337,56.38829662772192,-30.961850083471013,44.802171285541164,-0.678276,1.5785189668611737,3.1455919951576705,2.658317837863804
9715,GLN_54_A_HE22,55.702,-30.52,41.044,9447,GLN_54_C_CG,56.174,-30.851,45.885,9,-19.504075554871747,2.6413890829040736,-19.835099425935464,2.6009479595786216,56.07152470302623,-30.779137026910362,44.83397687997873,0.8092750000000001,1.7192532164013303,4.875205226449448,3.058615381601095
9680,GLN_54_A_HE22,55.527,-29.862,41.481,9462,GLN_54_C_CG,55.672,-30.343,45.781,9,-18.83162841143264,2.474020139597193,-19.291403415131768,2.1518301075640984,55.64151709465004,-30.241880845011547,44.87702418617375,0.991864,1.793557647840164,4.329247740658875,3.2907079236347307
9664,GLN_54_A_HE22,55.462,-29.793,41.477,9576,GLN_54_C_HG2,56.038,-29.57,46.202,9,-18.757947924366878,2.4151662256801223,-18.545250650365666,2.5315091473271685,55.87359852818364,-29.63364848648449,44.85339417650641,0.9650719999999999,1.8611890963999427,4.765199890875514,3.138472101105636
9689,GLN_54_A_HE22,55.488,-30.484,40.98,9446,GLN_54_C_CG,56.063,-30.453,45.895,9,-19.45247926663814,2.4382029422415994,-19.429793067771577,2.520011125802709,55.94039979740225,-30.459609750053122,44.847034789968795,0.9405960000000001,1.6360332844954304,4.948617079548595,2.954530965290899
9668,GLN_54_A_HE22,55.697,-30.592,43.162,9461,GLN_54_C_CG,55.923,-30.734,45.781,9,-19.560325821101994,2.419382423261201,-19.700229133098823,2.371193255605753,55.84325816937403,-30.6838967258899,44.856912148630926,-0.275659,1.5874490764050142,2.632565478767812,2.7537758885300563
8395,LEU_50_A_HD12,55.497,-29.545,44.349,9577,GLN_54_C_HG2,55.679,-29.881,46.0,9,-18.49274150673976,2.181789867722459,-18.829694636166174,2.171936543682984,55.55612630235816,-29.65415625050739,44.885360028534684,-0.615183,1.650053283688376,1.6946448005408128,2.7767584745629867
9476,GLN_54_A_OE1,55.04,-29.568,41.216,9578,GLN_54_C_HG2,55.523,-29.393,46.106,9,-18.503601349728022,2.0396370885346964,-18.330562394647725,2.043590689311466,55.40393734779696,-29.436138642102577,44.90058308639156,0.892609,1.8985996520597346,4.916911022176424,3.27656820162807
9691,GLN_54_A_HE22,55.088,-30.51,40.711,9452,GLN_54_C_CG,55.525,-30.926,45.609,9,-19.45012813278932,2.066262629256321,-19.862856357609928,1.9789570135106038,55.46133581560706,-30.865395192889125,44.89543667012213,0.950434,1.7149070751987656,4.93502066864973,3.398041180586864
9477,GLN_54_A_OE1,54.887,-29.808,40.881,9454,GLN_54_C_CG,55.243,-30.028,45.821,9,-18.733756288652337,1.903109061944703,-18.944632379212557,1.746112625397701,55.178324534389,-29.988032015633674,44.923537078319264,0.67148,1.8814474575897369,4.9576946255290855,3.574319474456644
9504,GLN_54_A_NE2,55.39,-31.463,43.737,9602,GLN_54_C_HG3,55.776,-31.511,45.64,9,-20.401519816607127,1.9913057222619088,-20.464901331314913,2.180509732790037,55.621755277609466,-31.491819309132808,44.87956552666013,-0.12136999999999992,1.4198030496830158,1.9423462616124854,2.6179091370361705
9488,GLN_54_A_OE1,54.687,-29.714,40.445,9456,GLN_54_C_CG,54.864,-29.869,45.753,9,-18.628047649266403,1.7553735784479716,-18.757960572629422,1.3889578152014215,54.83748279285398,-29.845778716906054,44.957783415078794,0.65352,1.873306330677487,5.313211646452642,3.8283419330849693
8417,LEU_50_A_HD12,55.054,-29.339,44.989,8259,LEU_50_C_CD2,54.815,-29.459,45.728,9,-18.249303451190052,1.6939768254337058,-18.345620730555787,1.3739379302965773,55.07179742189498,-29.330064055952334,44.93396947790631,-0.500117,1.523421636228436,0.7859020295176802,2.6661204763128947
9483,GLN_54_A_OE1,54.727,-30.537,40.387,9463,GLN_54_C_CG,55.343,-30.6,45.641,9,-19.45211263914635,1.7384329126613465,-19.523824191606096,1.8199223998498877,55.25797302108607,-30.59130405897474,44.91578612465294,0.7169760000000001,1.792048675600662,5.290363031021593,3.451040015695096
9459,GLN_54_A_CD,54.752,-31.588,40.665,9610,GLN_54_C_HG3,55.415,-31.511,45.431,9,-20.499982576416695,1.6557525061251788,-20.439140209932017,1.8432394308726576,55.3422059392464,-31.519454212184073,44.907717204296134,0.92598,1.7543543783772415,4.812510155833438,3.4091944647086088
9646,GLN_54_A_HE21,55.06,-31.622,44.108,9611,GLN_54_C_HG3,55.21,-31.156,45.431,9,-20.532488614488308,1.6147903054815815,-20.069684061809195,1.6667826609717815,55.15282295218843,-31.333630028534646,44.92669843830192,-0.504193,1.373060742496572,1.4106682813475326,2.2282348477863976
8525,LEU_50_A_HD23,54.712,-29.571,44.935,8260,LEU_50_C_CD2,54.51,-29.696,45.625,9,-18.455198904423597,1.3424765712437436,-18.559646331430972,1.06366130205383,54.701353202566644,-29.5775883647484,44.97136777341098,-0.47329200000000005,1.5045172517945011,0.729745846168376,2.6046673169866312
8521,LEU_50_A_HD23,54.737,-30.398,44.161,9455,GLN_54_C_CG,54.919,-30.28,45.712,9,-19.287246327647704,1.3818784568524312,-19.172223126697546,1.4164477880495114,54.83060419955479,-30.33731156292604,44.958692931370756,-0.571701,1.5296391869960664,1.5660935476528866,2.562556331909571
8519,LEU_50_A_HD23,54.523,-30.836,44.21,9590,GLN_54_C_HG3,54.55,-30.919,45.577,9,-19.707475683438215,1.1314541150972637,-19.78248758731314,1.0153843932829896,54.53837341031881,-30.88325900209115,44.988350070585255,-0.9698089999999999,1.5322699124624597,1.3697835595450811,2.551708794112469
9619,GLN_54_A_HE21,54.538,-31.576,44.24,9607,GLN_54_C_HG3,54.595,-31.511,45.431,9,-20.446262021273615,1.087214773342979,-20.377225540761884,1.0297150924028342,54.57365903945657,-31.53533618307587,44.98508624548722,-0.9244579999999999,1.4134566464101508,1.1941335771177315,2.2649163661299805
8536,LEU_50_A_HD23,54.062,-29.999,44.942,8543,LEU_50_C_HD23,54.313,-30.011,45.656,9,-18.832837299771676,0.6644495627627726,-18.858642444810837,0.8412295915428467,54.09388556258194,-30.000524409366495,45.0327023573048,-0.60827,1.5017669013186983,0.7569286624246703,2.5228181301305206
8512,LEU_50_A_HD23,53.902,-30.582,44.413,8545,LEU_50_C_HD23,53.894,-30.384,45.607,9,-19.405864778303496,0.5143429663056178,-19.199282032404685,0.4021440415355074,53.897714177661825,-30.475925897129965,45.05265898397397,-0.631106,1.512454802959467,1.210332185806858,2.6726264679558858
9578,GLN_54_A_HG3,53.742,-31.302,44.248,9581,GLN_54_C_HG3,53.735,-31.299,45.916,9,-20.11289142096336,0.31748273411654265,-20.097428688474206,0.14413451772271108,53.738554370591075,-31.30052330168191,45.06904426487061,-0.9992049999999999,1.3912307267329576,1.668017386000517,2.2693790654359645
8531,LEU_50_A_HD23,53.449,-30.052,44.8,8558,LEU_50_C_HD23,53.437,-29.978,45.272,9,-18.840416367543824,0.06645644310212909,-18.762343937174897,0.01301141647076924,53.441414009360756,-30.005219724391363,45.09838229847684,-0.453954,1.4081799752525659,0.47791631066537266,2.889388322277239
9634,GLN_54_A_HE21,53.421,-33.016,42.975,9627,GLN_54_C_HE21,53.917,-33.026,46.954,10,-21.80683184239914,-0.003806382636129535,-21.825764333918244,0.09002128686564276,53.682825919223504,-33.021278748371465,45.075413976996636,0.6512349999999999,1.4440064234752321,4.009807601369422,3.148681938203455
9632,GLN_54_A_HE21,53.295,-32.933,43.335,9615,GLN_54_C_HE21,53.773,-32.843,48.065,10,-21.711979602809812,-0.1584798920974027,-21.624463886278136,-0.14994968103498862,53.473010056796,-32.899483462109565,45.0964802691319,0.9037659999999998,1.3643350496794584,4.754943112172844,3.1989899857527435
9635,GLN_54_A_HE21,53.179,-33.026,42.585,9623,GLN_54_C_HE21,53.775,-33.079,47.351,10,-21.801323050227488,-0.2056932125144621,-21.865047358597828,-0.09453678704314952,53.49282586565759,-33.05390733369106,45.09455381832898,0.8847889999999999,1.441994871139265,4.803413473770499,3.219063917748686
9616,GLN_54_A_HE21,53.052,-32.973,42.079,9659,GLN_54_C_HE21,53.592,-33.083,46.352,10,-21.74250943080264,-0.2771218478135042,-21.862371107465457,-0.17659618362429766,53.43384052220136,-33.0507823285966,45.10048990993779,0.899282,1.5149587432726308,4.308390534758887,3.324515221283231
9465,GLN_54_A_CD,53.019,-32.973,41.906,9467,GLN_54_C_CD,53.624,-32.845,48.305,10,-21.741256418088426,-0.2925787674188814,-21.613489383855242,-0.3219003794050278,53.32208397824521,-32.908876447577896,45.11167665585301,0.951491,1.4712312612106913,6.4288109320464555,3.703896219877289
9583,GLN_54_A_HG3,53.103,-32.604,44.228,9479,GLN_54_C_CD,53.673,-32.61,49.064,10,-21.363036284803698,-0.4132207825885692,-21.37743162285025,-0.33128731244041565,53.208487378415434,-32.605110393457025,45.12297712634567,0.9161750000000001,1.2449783422012421,4.869479643658035,3.0824573697749265
9448,GLN_54_A_CG,52.897,-32.964,43.17,9664,GLN_54_C_HE21,53.264,-32.972,46.033,10,-21.714020441561473,-0.5392046795209093,-21.729208988192223,-0.4617196462664373,53.14814593831552,-32.96947457086249,45.129212047404195,0.44199599999999994,1.4079451845034572,2.886437596761794,2.972363231985678
9607,GLN_54_A_HG3,52.93,-32.315,44.6,9477,GLN_54_C_CD,53.331,-32.315,49.425,10,-21.05914270707675,-0.600098223593116,-21.054873624527108,-0.6842761908955161,52.97540327738802,-32.31500000000002,45.14631125535453,0.73692,1.2577104287045202,4.841634641316914,3.272454937080292
9443,GLN_54_A_CG,52.763,-33.019,42.994,9640,GLN_54_C_HE21,53.273,-33.119,47.801,10,-21.76000441519586,-0.6587356637702325,-21.863806299234955,-0.6405605576939575,52.991216273530256,-33.06374828892753,45.14505024874487,0.968544,1.3581964609022736,4.835012823147425,3.1849509150269366
9574,GLN_54_A_HG3,52.709,-32.912,43.524,9468,GLN_54_C_CD,53.388,-32.77,48.635,10,-21.64544051836419,-0.7571403109554391,-21.518523274394454,-0.583314986787244,52.92522856317341,-32.86677988811398,45.15160557640545,0.947045,1.3111481500140152,5.157860603001981,3.3374410768769667
9429,GLN_54_A_CB,52.49,-33.282,42.497,9644,GLN_54_C_HE21,53.175,-33.283,47.552,10,-22.005192338603294,-0.8998768359547082,-22.021717199238108,-0.725350136695434,52.85076460264923,-33.28252666365353,45.159284768455265,0.915158,1.4063190717960259,5.101200937034336,3.243570700090142
9441,GLN_54_A_CB,52.354,-33.443,41.482,9647,GLN_54_C_HE21,52.944,-33.452,47.16,10,-22.16272720194614,-0.9456163923440877,-22.17559531627146,-0.9281830970783638,52.737300446394094,-33.44884695596197,45.170779550213,0.700933,1.4711870660057913,5.7085781942616824,3.436809989142463
9437,GLN_54_A_CB,52.354,-33.443,42.328,9658,GLN_54_C_HE21,53.175,-33.283,46.352,10,-22.156669865460955,-1.0301306896284448,-22.030309165883757,-0.605471700831098,52.93003168301378,-33.330740475904776,45.15132703099568,0.6421969999999999,1.478198890174343,4.110014233551989,3.08796264992177
9438,GLN_54_A_CB,52.252,-33.58,41.905,9652,GLN_54_C_HE21,52.944,-33.452,46.744,10,-22.288602346914896,-1.0994585420554923,-22.178573864708618,-0.886625239312061,52.719284164990455,-33.49356593479948,45.172612824261286,0.8106549999999999,1.443045620242632,4.8899048047993725,3.295466523800118
9589,GLN_54_A_HG3,52.27,-32.957,43.728,9511,GLN_54_C_NE2,52.818,-32.784,48.698,10,-21.655703269214154,-1.2164657382913708,-21.488993625803246,-1.1561690341524822,52.43244031038565,-32.9057186611374,45.2012269025852,0.900997,1.2767533127478152,5.003112331339362,3.18476329833232
9442,GLN_54_A_CB,51.961,-33.536,41.081,9657,GLN_54_C_HE21,52.713,-33.283,46.352,10,-22.228656741795927,-1.3025068478048727,-21.995425535204973,-1.063823218359214,52.547201380883244,-33.33878065244223,45.189866327972844,0.812105,1.499662363635268,5.330380286621203,3.458252261303206
9436,GLN_54_A_CB,52.03,-33.598,42.589,9663,GLN_54_C_HE21,52.834,-33.033,46.033,10,-22.284890815792068,-1.389401260116933,-21.75756583924791,-0.8929503040800466,52.63508850341225,-33.17278233280112,45.18094627581067,0.170193,1.4946283980898896,3.5814490084322044,2.955009056830933
9435,GLN_54_A_CB,51.895,-33.783,42.154,9648,GLN_54_C_HE21,53.396,-33.362,47.16,10,-22.46227927289375,-1.4939101930167324,-22.11998312022119,-0.4729267254639677,52.79773834683816,-33.52980023716268,45.16473162176669,0.9635670000000001,1.4532527505094743,5.243117202580915,3.1650047986244907
9590,GLN_54_A_HG3,51.971,-32.848,43.953,9662,GLN_54_C_HE21,52.439,-32.853,46.033,10,-21.522830029519366,-1.5273147954367978,-21.54825955049857,-1.2711791653296685,52.25584523756267,-32.85104321835005,45.21897883361185,0.11982199999999998,1.3731970190207825,2.132005863031337,2.708396821519686
9526,GLN_54_A_HB2,51.743,-33.415,43.249,9638,GLN_54_C_HE21,52.418,-33.136,47.674,10,-22.076022201358565,-1.7261886236782094,-21.817109281534258,-1.4774106948950059,52.04674549844519,-33.289451860642686,45.240220489807335,0.560365,1.4264788661419288,4.484873576813506,3.340102231428764
9439,GLN_54_A_CB,51.52,-33.836,41.482,9651,GLN_54_C_HE21,52.492,-33.362,46.744,10,-22.49162348113256,-1.8028365247773541,-22.05470452118298,-1.3282298457180588,52.21118047736431,-33.498942853631014,45.22376097931172,0.841591,1.4613229447753537,5.371973938879449,3.2638622669493813
9545,GLN_54_A_HB2,51.634,-33.796,42.974,9646,GLN_54_C_HE21,52.492,-33.362,47.16,10,-22.44966366515924,-1.835751929329138,-22.05172597274582,-1.3697877034843615,52.09748263786986,-33.56155773329196,45.235233475668096,0.4994900000000001,1.4039545040571682,4.295010593700555,3.0423585375947635
9604,GLN_54_A_HG3,51.776,-32.149,44.6,9678,GLN_54_C_HE22,52.728,-32.126,49.267,10,-20.806487271798336,-1.7323949533138676,-20.82201935003246,-1.2523958630020788,51.909314501350586,-32.14577916645899,45.253549136347864,0.93382,1.1740789421446296,4.763163024713726,3.2218432946896534
9549,GLN_54_A_HB2,51.438,-34.075,42.582,9639,GLN_54_C_HE21,52.839,-33.188,47.786,10,-22.71586764456062,-2.012204035304473,-21.89994548441176,-1.0748678915868108,52.1508539324113,-33.62367848818788,45.22988855408164,0.8971770000000001,1.4311346820887334,5.461793295246535,3.127452939352689
9527,GLN_54_A_HB2,51.444,-33.306,43.475,9650,GLN_54_C_HE21,52.108,-33.106,46.744,10,-21.94314180169157,-2.037137579520183,-21.77044770058124,-1.6897814969544118,51.80743657352438,-33.19653115255293,45.26426831152285,0.08961,1.364562405874506,3.3417446042449113,2.861426596742938
9594,GLN_54_A_HG3,51.45,-31.97,44.382,9471,GLN_54_C_CD,52.625,-31.932,49.382,10,-20.604948869547517,-2.0204666450811652,-20.619977651859333,-1.3513572376713103,51.66067665385598,-31.963186627364678,45.278496399387116,0.945219,1.142341782047802,5.136347827007045,3.2889835065469186
9593,GLN_54_A_HG3,51.301,-32.693,43.794,9504,GLN_54_C_NE2,51.925,-32.639,48.489,10,-21.318826102078113,-2.164384126678482,-21.278481123828833,-2.01024079791668,51.50048542505995,-32.67573683821599,45.2949360106674,0.7950079999999999,1.1925843063010046,4.736593396102308,2.98666436136786
9540,GLN_54_A_HB2,51.096,-33.746,43.293,9656,GLN_54_C_HE21,52.296,-33.083,46.352,10,-22.35690158737927,-2.397578790791757,-21.764515727899003,-1.4623614795473345,51.86696969791686,-33.320039241900965,45.258330254939715,-0.0015680000000000138,1.3401612564082421,3.3521709383621827,2.4660426928391237
9548,GLN_54_A_HB2,50.986,-34.165,42.582,9513,GLN_54_C_NE2,52.931,-33.01,48.339,10,-22.771479840610894,-2.4674604069188755,-21.725445243393366,-1.0253383294877403,51.889477619221,-33.628487583444624,45.256200850311195,0.965605,1.282203706601494,6.185474840301267,2.7435366502108494
9432,GLN_54_A_CB,50.649,-33.834,41.551,9512,GLN_54_C_NE2,52.483,-32.973,48.339,10,-22.423369744152076,-2.673699432470702,-21.65472526485263,-1.466994210909038,51.65638840254829,-33.36106574994873,45.27954551608384,0.652325,1.2990250947635829,7.083912831197173,2.8797919841376522
9537,GLN_54_A_HB2,50.781,-33.338,43.502,9637,GLN_54_C_HE21,52.061,-32.97,47.48,10,-21.92479603650511,-2.7000260155470346,-21.626020919069155,-1.7996211046057626,51.36245367317469,-33.1708320689623,45.30904899366322,0.45564699999999997,1.3014525059095867,4.1950337304960925,2.561815211070524
9523,GLN_54_A_HB2,50.724,-32.933,43.558,9636,GLN_54_C_HE21,51.813,-32.71,47.228,10,-21.51625778945156,-2.7314537333872964,-21.34984870720471,-2.0007689239066404,51.246992680975175,-32.82590416174707,45.32051895241403,0.21893300000000002,1.337337411206505,3.834651222732,2.4318985723209052
9547,GLN_54_A_HB2,50.534,-34.075,42.582,9515,GLN_54_C_NE2,52.359,-33.062,47.929,10,-22.647610497085253,-2.9090650133248666,-21.737041797510575,-1.5558065384084745,51.46143500333706,-33.56021005020252,45.2992575138867,0.9963799999999999,1.2667464114131215,5.739965418014297,2.743304621140467
9542,GLN_54_A_HB2,50.338,-33.796,42.974,9645,GLN_54_C_HE21,52.108,-33.106,47.16,10,-22.351808285592785,-3.1215172252521746,-21.76746915214408,-1.7313393547207145,51.32690532429564,-33.41049453459664,45.312733156780524,0.934032,1.2936459408171552,4.596911571914342,2.4924563081605355
9538,GLN_54_A_HB2,50.337,-33.4,43.293,9510,GLN_54_C_NE2,52.384,-32.697,48.698,10,-21.95458936169835,-3.1243431288460752,-21.36947474376452,-1.5801433186463478,51.110137732360954,-33.13448176558393,45.33443109106544,0.900983,1.2397626348843418,5.822236941245177,2.657918956748245
9536,GLN_54_A_HB2,50.368,-32.681,43.589,9470,GLN_54_C_CD,52.836,-32.375,49.094,10,-21.237881647803796,-3.0686267369268028,-21.0796954366011,-1.1468512223763483,51.14866359749244,-32.58420783596733,45.330310009803824,0.8777969999999999,1.1857296778317377,6.040669251001913,2.978338305804083
9532,GLN_54_A_HB2,50.13,-33.292,43.192,9649,GLN_54_C_HE21,51.852,-32.722,46.744,10,-21.831993916464725,-3.3114275916901588,-21.36822429179381,-1.9146360612353512,51.1658846702177,-32.949111346095215,45.32873771696473,0.5776669999999999,1.33586645367451,3.988344017258288,2.442277498148048
9519,GLN_54_A_HB2,49.935,-33.536,42.545,9514,GLN_54_C_NE2,51.945,-32.851,47.929,10,-22.065200006221538,-3.458758917290897,-21.49539019097952,-1.950534216500704,50.981225631008456,-33.179450469034464,45.347427262362935,0.904357,1.3065138005812575,5.787640365468469,2.713474191976033
9529,GLN_54_A_HB2,49.877,-33.485,42.273,9655,GLN_54_C_HE21,52.008,-32.721,46.352,10,-22.011915085523,-3.485260437089895,-21.381812769514884,-1.720631884166657,51.4580438444921,-32.918168701458505,45.299315270616255,0.8444200000000001,1.3861656866727836,4.665093568193456,2.506378291409865
9307,GLN_54_A_C,49.956,-32.607,43.647,9502,GLN_54_C_NE2,51.525,-32.481,47.609,10,-21.132571168283654,-3.4775548439019524,-21.097034714763918,-2.3071878695391073,50.642771678476755,-32.55184816348755,45.38121885922554,0.218789,1.3588899059971093,4.263224249321166,2.690750278740932
9311,GLN_54_A_C,49.918,-32.279,43.933,9704,GLN_54_C_HE22,51.293,-32.253,48.752,10,-20.80059894996303,-3.5189492295490865,-20.843990262037604,-2.634247705385092,50.33988265907871,-32.271022582446534,45.41158366116387,0.585944,1.2582172624906718,5.011393219455048,3.011647567178458
9530,GLN_54_A_HB2,49.621,-33.188,42.391,9661,GLN_54_C_HE21,52.204,-32.487,46.033,10,-21.695596210810436,-3.7285014007482236,-21.16556991524504,-1.476564746243806,51.668535246703705,-32.63231970269484,45.278000916955044,0.33572100000000005,1.4905558591316264,4.519674103295504,2.8100022960742495
9310,GLN_54_A_C,49.618,-32.524,43.782,9679,GLN_54_C_HE22,52.432,-32.322,49.006,10,-21.02332271528908,-3.820076951218669,-20.996973871526247,-1.5348500027813086,50.48782748152221,-32.461560358469285,45.396775679982944,0.879688,1.222196382407644,5.937135336170133,3.147531975807005
9305,GLN_54_A_C,49.406,-32.942,42.945,9503,GLN_54_C_NE2,51.699,-32.657,48.044,10,-21.43010442455497,-3.9784899793228212,-21.282551178548673,-2.1913662989762583,50.50772146484527,-32.80506558330535,45.39492487974096,0.982925,1.363303090646908,5.598113521535622,2.9297260389036475
9360,GLN_54_A_C,49.485,-32.328,44.105,9708,GLN_54_C_HE22,51.105,-32.276,48.36,10,-20.815532332745452,-3.9694286540447346,-20.85553565292833,-2.783347144694136,49.99565286023307,-32.311608673622175,45.44625180264921,0.457794,1.1955519049378305,4.553254769942048,2.7466600379917163
9353,GLN_54_A_C,49.479,-32.009,44.405,9716,GLN_54_C_HE22,51.005,-31.891,47.552,10,-20.494850134004274,-3.9811569184466764,-20.469879270299135,-2.772639674140078,49.984386262128055,-31.969920328354466,45.44723497176736,-0.36084400000000005,1.1923549954745656,3.4994583866649998,2.5796956649330385
9317,GLN_54_A_C,48.939,-32.815,42.681,9709,GLN_54_C_HE22,51.489,-32.532,48.36,10,-21.270099300700224,-4.405796676433817,-21.139792473530065,-2.421795493457782,50.1727299091773,-32.67808017086388,45.42858908008543,0.965033,1.3139322651948548,6.23166350182678,3.095961929493546
9359,GLN_54_A_C,49.026,-32.4,44.105,9714,GLN_54_C_HE22,51.105,-32.276,47.944,10,-20.85266783497936,-4.430264569100835,-20.85851420136549,-2.741789286927833,49.764938609068444,-32.35592670152745,45.46949510351791,0.43587,1.205780947960845,4.367555151340395,2.574280567532108
9365,GLN_54_A_C,48.909,-32.623,43.744,9705,GLN_54_C_HE22,51.71,-32.453,48.752,10,-21.068776103875678,-4.527190193535118,-21.074900069343578,-2.235709444196971,49.86831004561014,-32.56477696974165,45.45918197372922,0.987529,1.2150114316577065,5.740606675256547,2.793788326835902
9352,GLN_54_A_C,49.026,-32.1,44.405,9507,GLN_54_C_NE2,51.42,-31.934,47.134,10,-20.551383944024757,-4.43748123605291,-20.547083147301688,-2.3224205905088033,49.94389598159853,-32.036353077299374,45.451340072590796,-0.298576,1.2417822858836045,3.6340381120731227,2.234413110554689
9369,GLN_54_A_C,48.454,-32.677,43.343,9643,GLN_54_C_HE21,51.713,-32.451,46.998,10,-21.09113662378253,-4.942633143345212,-21.08569093834434,-2.057359135606462,50.30197528333673,-32.54884952008775,45.41552214194407,0.554765,1.3535907606685607,4.902160952070012,2.4022137004757793
9374,GLN_54_A_C,48.352,-32.692,42.92,9505,GLN_54_C_NE2,52.166,-32.43,48.874,10,-21.101420506190568,-5.0027081326865686,-21.08552339696958,-1.7937537925380767,49.97187038391574,-32.58072416345416,45.44876462135142,0.6923050000000002,1.2221230630332824,7.075687669760446,3.177149489643613
9364,GLN_54_A_C,48.453,-32.528,43.744,9665,GLN_54_C_HE21,52.534,-32.27,45.824,10,-20.93961913925204,-4.972383995648042,-20.975608261336685,-1.1118340161824547,51.49646543047882,-32.33559272701215,45.295190417886765,-0.304676,1.2874601469567701,4.587758167122582,2.28217170357976
9315,GLN_54_A_C,48.171,-32.464,42.132,9684,GLN_54_C_HE22,51.463,-32.318,47.41,10,-20.86605275019115,-5.086266340046108,-20.9312476909152,-2.3364559739084565,50.223858100836935,-32.37295586794589,45.423307732751304,0.947306,1.4043258456014456,6.222207325378992,2.9083922588663613
9314,GLN_54_A_C,47.926,-32.172,41.939,9642,GLN_54_C_HE21,51.723,-32.138,46.749,10,-20.557776787791017,-5.287904893406777,-20.776130373435173,-1.9988244288120733,50.64310975325966,-32.1476698099524,45.38100629791386,0.861556,1.4282268322664233,6.12816979203416,2.725367166655856
9373,GLN_54_A_C,47.947,-32.479,42.92,9654,GLN_54_C_HE21,51.905,-32.27,46.352,10,-20.85845421157788,-5.388355198832565,-20.924334714417462,-1.788613221740222,50.77049363805379,-32.32990698070916,45.3682643167763,0.49188799999999994,1.3665985198376314,5.242906541223099,2.4769165574834373
9350,GLN_54_A_C,48.188,-31.753,44.405,9713,GLN_54_C_HE22,50.849,-31.892,47.944,10,-20.142109648844844,-5.242545856258793,-20.45629079257806,-2.9666438512087723,49.04286768415395,-31.79765486963452,45.541932256377606,0.43149899999999997,1.145174008828281,4.429984537219061,2.2843264425115968
9517,GLN_54_A_HA,47.72,-31.681,41.735,9703,GLN_54_C_HE22,51.005,-31.891,48.752,10,-20.054097493957606,-5.434659765016162,-20.461287303653485,-2.892518110004414,49.48153799845228,-31.793609735060894,45.49777386153413,0.5755440000000001,1.26020101772906,7.750716999091121,2.9674335091682926
9367,GLN_54_A_C,47.676,-32.183,43.343,9699,GLN_54_C_HE22,51.621,-32.142,49.071,10,-20.539816079595546,-5.677022650856681,-20.755791815833877,-2.3322870656525785,49.180990050808305,-32.16735878527679,45.52819214474777,0.75085,1.085576164261266,6.955191586146275,2.7172373928200666
9372,GLN_54_A_C,47.604,-32.175,42.92,9660,GLN_54_C_HE21,52.204,-32.053,46.033,10,-20.529431380547734,-5.705590162423189,-20.732819980934206,-1.4436488234635387,51.16316708621444,-32.08060469901781,45.328627638996856,0.34213000000000005,1.274401360693945,5.555686546233509,2.29569255177707
9379,GLN_54_A_C,47.456,-31.597,42.096,9698,GLN_54_C_HE22,51.292,-31.857,49.071,10,-19.947821188944584,-5.726267523581301,-20.446771338143172,-2.6370736089789912,49.33495180482001,-31.724353354862693,45.51249865448892,0.239354,1.2047805434145453,7.964491258077945,2.8419496137997244
9371,GLN_54_A_C,47.344,-31.798,42.92,9707,GLN_54_C_HE22,50.849,-31.892,48.36,10,-20.13388578663404,-5.934944040091623,-20.4533122441409,-3.008201708975075,49.03390883538417,-31.84332137818151,45.54285422667327,0.980655,1.1096096873658605,6.472052302013632,2.643419413337746
9707,GLN_54_A_HE22,56.474,-31.674,41.755,9527,GLN_54_C_HB2,57.386,-32.188,46.782,10,-20.70795130310156,3.2487415276243476,-21.253338823312426,3.612365206900068,57.01544744514155,-31.979157880266204,44.739491564393134,0.526009,1.3885929929949323,5.13484848851453,2.7566675334124593
9709,GLN_54_A_HE22,56.318,-31.673,41.363,9427,GLN_54_C_CB,56.895,-31.688,46.474,10,-20.69798200426035,3.1332096149337865,-20.719910966788174,3.1939330752318287,56.702723815102495,-31.683001485661265,44.77083954764095,0.744024,1.4912760354800423,5.143488602106549,2.7934363478362827
9706,GLN_54_A_HE22,56.218,-32.058,41.755,9522,GLN_54_C_HB2,56.969,-32.326,46.736,10,-21.071515796504716,2.96563943178755,-21.359784821264874,3.19278730441763,56.67319099337936,-32.220438330526875,44.77404971773976,0.44109,1.36178612639473,5.044421275032444,2.843788493615834
9699,GLN_54_A_HE22,56.218,-32.058,42.171,9519,GLN_54_C_HB2,56.681,-32.411,46.678,10,-21.06853724806756,2.9240815740212476,-21.423209631215496,2.906409140597535,56.48733277894009,-32.26334442973189,44.79277718074084,0.10735800000000004,1.3249961275795414,4.544450131754113,2.684926008800886
9687,GLN_54_A_HE22,56.018,-31.636,42.951,9585,GLN_54_C_HG3,56.338,-31.515,46.11,10,-20.627066832586802,2.6797458254506394,-20.507958823125715,2.690815775557016,56.20739131467784,-31.564386409137462,44.820647384585335,0.03762300000000007,1.4301889780116124,3.1774710069487644,2.6920233009695607
9685,GLN_54_A_HE22,55.925,-32.278,42.34,9520,GLN_54_C_HB2,56.388,-32.198,46.513,10,-21.264570370539097,2.599827067918214,-21.189881369756897,2.648360878783636,56.20034255083009,-32.23042461324753,44.82165111147722,0.43304099999999995,1.2778539677028726,4.199368762087936,2.4660279440363415
9718,GLN_54_A_HE22,55.587,-31.577,40.835,9586,GLN_54_C_HG3,56.029,-31.574,45.889,10,-20.550844319416264,2.468009883498289,-20.545039977697325,2.401858861028739,55.93793916617494,-31.574618059958112,44.84777499060662,0.845382,1.615727487579741,5.073291732199127,3.10340135515951
9501,GLN_54_A_NE2,55.752,-32.415,42.92,9541,GLN_54_C_HB2,55.936,-32.664,46.591,10,-21.383960495589914,2.3598615203706292,-21.619852081756015,2.1567953881804995,55.84909482611212,-32.546394628814795,44.85714731879129,0.364904,1.2629403008956548,3.6840328445875716,2.5406215424635152
9683,GLN_54_A_HE22,55.515,-32.392,41.557,9587,GLN_54_C_HG3,55.913,-32.26,46.186,10,-21.35289093592174,2.262639460119461,-21.218178895152885,2.205076623272349,55.79916831146178,-32.29775322333431,44.86206309989083,0.9496910000000001,1.4356304968918612,4.647953205444304,2.8402425744233106
9647,GLN_54_A_HE21,55.594,-32.205,43.789,9601,GLN_54_C_HG3,55.941,-31.962,45.959,10,-21.156413450569417,2.132224361892135,-20.924776708313857,2.278133762974129,55.76610827721404,-32.08447460702305,44.8652967191771,0.42547999999999997,1.2812299946760768,2.210963138543926,2.326559462260454
9682,GLN_54_A_HE22,55.253,-32.22,41.229,9600,GLN_54_C_HG3,55.653,-32.324,45.959,10,-21.163952332686648,2.0485203055074517,-21.263988386890656,1.9649529249609905,55.562252620234794,-32.300405681261076,44.885912234276404,0.912722,1.5357970043043196,4.748022325137071,3.0243682483785306
9694,GLN_54_A_HE22,55.134,-31.784,40.891,9606,GLN_54_C_HG3,55.654,-31.928,45.64,10,-20.722643052053307,1.9972934346396303,-20.871488536651054,2.0278465954718823,55.57131089170151,-31.905101477701972,44.88482581671237,0.899116,1.691525260407487,4.779554058696275,3.288323418705786
9651,GLN_54_A_HE21,55.491,-32.656,43.789,9588,GLN_54_C_HG3,55.652,-32.531,46.3,10,-21.598337332680206,1.9958325119964482,-21.467875101187047,1.9141958365947522,55.56134606367304,-32.601383490937096,44.886136434056,0.3305680000000001,1.2576776194323556,2.519259216515835,2.301608677308601
9663,GLN_54_A_HE22,55.025,-32.121,41.11,9605,GLN_54_C_HG3,55.325,-32.213,45.64,10,-21.048874224355192,1.8417172710532705,-21.130826267617422,1.6798294623188514,55.27695925720163,-32.198267505541864,44.914584783744566,0.989485,1.619451996398395,4.540854985572652,3.126237855213983
9655,GLN_54_A_HE21,55.391,-33.041,43.397,9521,GLN_54_C_HB2,55.739,-33.173,47.387,10,-21.977484543133063,1.906582906948238,-22.106812031275542,1.843227605636935,55.521250423233155,-33.090405332950525,44.890388473276694,0.051677999999999946,1.2718629140682722,4.007321798907597,2.531321847269136
9515,GLN_54_A_NE2,55.001,-32.604,41.457,9589,GLN_54_C_HG3,55.368,-32.691,46.522,10,-21.52618637520357,1.7466097182635916,-21.604381116520095,1.5981262136433183,55.25172874547673,-32.663437059554454,44.91732996141588,0.866182,1.3991258426620896,5.079023823531445,2.7524206438255256
9650,GLN_54_A_HE21,55.203,-33.018,43.789,9542,GLN_54_C_HB2,55.544,-32.841,46.93,10,-21.937549011257012,1.6826516739833162,-21.76431679967052,1.7206011763579085,55.32471258481895,-32.95482367298256,44.91011210825896,0.2975510000000001,1.2115033076724473,3.164410055602779,2.3813021880883083
9512,GLN_54_A_NE2,54.902,-32.88,41.816,9518,GLN_54_C_HB2,55.498,-32.881,47.059,10,-21.791345908814943,1.5915951972205042,-21.799804687899478,1.6590437877181716,55.2545237730172,-32.88059148284066,44.91714453343818,0.888448,1.3268197386597536,5.27676662360578,2.8146522853202582
9659,GLN_54_A_HE21,55.007,-33.297,42.981,9438,GLN_54_C_CB,55.673,-33.337,48.788,10,-22.206731539095543,1.5477574257742783,-22.255325159352445,1.625352468579366,55.229367003323866,-33.31035537557503,44.9198666491016,0.6912910000000001,1.2549027424017978,5.8452035892687215,2.755205014358003
9654,GLN_54_A_HE21,55.007,-33.297,43.397,9441,GLN_54_C_CB,55.571,-33.352,48.365,10,-22.203752990658383,1.5061995680079754,-22.265609041760477,1.5652774792380089,55.18044506602398,-33.31391396920449,44.924792709232484,0.7170150000000002,1.243183904533792,5.0002144953991765,2.6896505364749173
9498,GLN_54_A_NE2,54.79,-33.077,42.333,9429,GLN_54_C_CB,55.308,-33.003,47.495,10,-21.975620139313992,1.413890953112329,-21.903985457183243,1.4177355510945329,55.051374633008884,-33.039660766713034,44.937663813883894,0.856982,1.3126531217006503,5.1884529486158,2.9828718078408074
9638,GLN_54_A_HE21,54.76,-31.85,44.317,9608,GLN_54_C_HG3,54.8,-31.866,45.431,10,-20.735683755527376,1.2789883864334841,-20.7466816888847,1.2061718623037105,54.783236382789596,-31.859294553115856,44.96413326069026,-1.000457,1.3304444618126534,1.1148327228781876,2.2871100857509643
9468,GLN_54_A_CD,54.354,-32.148,40.782,9604,GLN_54_C_HG3,54.895,-32.274,45.64,10,-21.02748060542697,1.2067352651888503,-21.15918311867311,1.2485988045052423,54.81934837972328,-32.25638058381728,44.960673620509546,0.8379460000000001,1.684069580023729,4.889654486771028,3.195017446828132
9649,GLN_54_A_HE21,54.786,-33.218,43.789,9437,GLN_54_C_CB,55.252,-33.139,48.788,10,-22.10548706967531,1.2537761567765158,-22.026107568598658,1.2226941097039847,54.894554969993756,-33.19959690422856,44.95351994634933,0.7053659999999999,1.1978448361902476,5.0212944546202385,2.7421275789749204
9511,GLN_54_A_NE2,54.454,-32.917,41.816,9449,GLN_54_C_CG,54.981,-32.875,47.421,10,-21.79441278543319,1.144326923435751,-21.75219361612068,1.1104183440293423,54.75035172301347,-32.8933818361166,44.967900203966835,0.953081,1.4378941636707703,5.629877263315779,3.1385421358889136
9636,GLN_54_A_HE21,54.555,-32.205,44.389,9603,GLN_54_C_HG3,54.5,-32.094,45.64,10,-21.073667051066387,1.0414902809475923,-20.94987682992377,0.8703699432556203,54.52858171137519,-32.15168309022995,44.98989598308432,-0.766,1.2929324896454304,1.2571185306087862,2.107907077552133
9653,GLN_54_A_HE21,54.555,-33.387,43.397,9440,GLN_54_C_CB,55.166,-33.139,48.365,10,-22.25936518670866,1.050943196393579,-22.022642747147792,1.1796304130920046,54.74824907326946,-33.308561750947945,44.968295247140205,0.8106549999999999,1.1943830227672054,5.0115715100155995,2.8326673438253973
9661,GLN_54_A_HE21,54.324,-33.218,42.589,9434,GLN_54_C_CB,55.066,-33.023,47.914,10,-22.079195405642178,0.9153030751127289,-21.902655444141086,1.13427224430386,54.656809081929055,-33.130536696797655,44.977420972064955,0.9076,1.28720292111635,5.379982713726879,3.111814030614892
9639,GLN_54_A_HE21,54.35,-32.56,44.317,9595,GLN_54_C_HG3,54.483,-32.47,45.987,10,-21.412681382602884,0.8183775877654202,-21.321025716549673,0.790322326413483,54.40459692579444,-32.523054711868454,45.00254034644147,-0.31695599999999996,1.2648313706669607,1.6777034898932544,2.182548724046316
9648,GLN_54_A_HE21,54.324,-33.218,43.789,9430,GLN_54_C_CB,54.918,-32.962,48.44,10,-22.070603438996528,0.7954246392483929,-21.826890156510196,0.9395207393942199,54.47807747229136,-33.15159624089802,44.9954214202477,0.850733,1.1730668440813299,4.695761173654381,2.790552561270957
9657,GLN_54_A_HE21,54.103,-33.297,42.981,9435,GLN_54_C_CB,54.654,-32.858,47.982,10,-22.138474391620175,0.6508964477538915,-21.706535475446618,0.7312468761074247,54.32662296736564,-33.11883215485753,45.01065237712433,0.947562,1.272003922168916,5.050378500667052,2.8559905557056986
9508,GLN_54_A_NE2,53.921,-32.843,41.846,9432,GLN_54_C_CB,54.576,-32.794,48.598,10,-21.68016659614748,0.6181515348972124,-21.632419829912063,0.5971792175535724,54.22893859611371,-32.819963372199155,45.020353283907994,0.8992649999999999,1.4143724151331665,6.783872787722367,3.5207282886301217
9614,GLN_54_A_HE21,53.957,-33.018,42.462,9436,GLN_54_C_CB,54.417,-32.861,47.622,10,-21.8529701995117,0.5790570909765442,-21.69420957492919,0.5318545015717685,54.18546509448183,-32.94002386992688,45.02478236418745,0.846275,1.4238430411498717,5.182841788054114,3.0593136803638443
9633,GLN_54_A_HE21,53.847,-33.14,42.832,9459,GLN_54_C_CG,54.255,-32.874,47.194,10,-21.96366398248977,0.4237103964688395,-21.698004676223043,0.4129045208857288,54.05334867761619,-33.00546875429928,45.0381101268672,0.7727689999999999,1.3756379023345262,4.3891074263453635,2.875192616292643
9623,GLN_54_A_HE21,53.748,-32.996,43.682,9635,GLN_54_C_HE21,53.875,-32.946,46.51,10,-21.80651771073815,0.2514997342375346,-21.74600254927966,0.09877543956389848,53.80999965331721,-32.97159068767041,45.0625907053628,0.29030599999999995,1.3239397902616157,2.8312917546589893,2.6049816310267078
9461,GLN_54_A_CD,53.366,-32.372,40.679,9629,GLN_54_C_HE21,54.019,-32.418,45.968,10,-21.17697326158904,0.2198383499924545,-21.23427689141041,0.3358285216987267,53.90599113924124,-32.410039192044586,45.05268014616676,0.964512,1.676314297626437,5.329356996861818,3.5308047624772936
9615,GLN_54_A_HE21,53.494,-32.861,42.079,9622,GLN_54_C_HE21,53.996,-32.891,47.667,10,-21.664205545196427,0.16988204436399684,-21.692013068889022,0.1074084654208268,53.76245810829616,-32.87704331324481,45.0673344803963,0.864182,1.5452438673903672,5.610583570360574,3.5717674707575817
9628,GLN_54_A_HE21,53.556,-32.491,44.223,9466,GLN_54_C_CD,54.156,-32.5,49.247,10,-21.284601642029408,0.04527157758145947,-21.302907435117707,0.13795964891116852,53.65807073437021,-32.492531061015576,45.077672282459936,0.881739,1.180979227716734,5.059709181366061,3.118745977399025
